-3479.9000000000024
-1786.4000000000033
-61.30000000000008
-4600.5000000000055
-2441.5000000000023
-250.5
-238.79999999999978
-509.09999999999906
-3811.100000000004
-4630.5
-455.6999999999981
-1377.600000000002
-1980.3999999999994
-3037.6999999999853
-2331.100000000004
-6640.799999999938
-728.9999999999997
-990.4000000000086
-2180.1999999999994
-5266.900000000005
-4253.300000000002
-1308.9000000000015
-4782.199999999955
-5324.600000000002
-348.5999999999998
-9006.900000000043
-1306.800000000008
-2451.4000000000005
-3814.400000000006
-1634.0
-7628.199999999976
-1809.4
-391.6
-982.8000000000006
-1716.4000000000024
-51.00000000000007
-162.49999999999997
-1965.0
-1601.6000000000022
-284.0
-1822.5000000000002
-52.90000000000015
-4910.499999999973
-46.700000000000045
-534.0
-3099.8000000000025
-56.600000000000065
-2153.5
-224.6
-304.2000000000002
-48.90000000000006
-75.20000000000017
-61.800000000000125
-2276.800000000004
-2934.100000000002
-3424.000000000001
-50.40000000000005
-416.79999999999905
-3085.499999999936
-93.90000000000019
-4263.399999999953
-3862.0999999999794
-5328.099999999936
-231.29999999999978
-537.1000000000013
-195.09999999999934
-386.29999999999995
-715.5000000000014
-814.600000000001
-324.39999999999986
-3705.899999999986
-3292.5999999999917
-6439.099999999968
-4346.499999999966
-2809.2000000000066
-162.20000000000016
-2917.499999999972
-34.10000000000003
-1487.600000000006
-4226.799999999974
-387.60000000000014
-733.3000000000002
-609.4000000000012
-2149.4
-1764.200000000005
-180.09999999999994
-2957.199999999989
-858.4000000000015
-1058.1000000000004
-166.99999999999972
-414.10000000000014
-65.60000000000015
-1324.9000000000028
-68.40000000000002
-78.10000000000016
-1657.3000000000102
-253.09999999999977
-2148.600000000005
-757.7000000000024
-2153.000000000002
-48.70000000000006
-906.9000000000008
-1301.1000000000035
-925.5000000000003
-344.70000000000016
-1890.7000000000023
-853.9000000000015
-448.6999999999996
-508.7000000000001
-63.20000000000009
-1518.7000000000023
-450.6999999999995
-39.40000000000005
-900.7000000000002
-997.8000000000006
-330.69999999999976
-3955.3999999999614
-4153.199999999951
-253.5
-841.0999999999997
-3289.4999999999836
-4095.9999999999745
-959.0000000000006
-3990.299999999974
-6121.899999999987
-2470.0000000000036
-1226.4000000000046
-1238.4000000000028
-4551.599999999976
-4198.300000000002
-668.0
-70.10000000000015
-1678.300000000002
-885.6000000000003
-37.50000000000004
-11878.099999999937
-2122.2
-751.1000000000001
-92.30000000000028
-634.2999999999986
-4912.199999999967
-162.39999999999935
-197.39999999999975
-1301.6000000000001
-4572.199999999958
-1301.9000000000037
-235.9000000000002
-5358.29999999997
-5734.799999999991
-2099.499999999998
-440.1999999999997
-1251.0000000000052
-1860.9000000000078
-68.40000000000006
-2745.700000000003
-1846.3000000000002
-375.0
-1216.0
-1217.4
-860.0000000000053
-463.3999999999986
-1075.600000000003
-64.70000000000013
-3702.400000000001
-1392.700000000003
-59.10000000000005
-2568.0
-2366.100000000002
-95.60000000000005
-11323.700000000084
-1844.2000000000023
-2487.49999999999
-294.0
-4560.999999999976
-217.09999999999994
-3429.0
-783.3
-340.8
-174.89999999999947
-501.69999999999953
-2435.5
-1278.5000000000032
-1755.0000000000098
-723.5000000000001
-322.10000000000014
-246.5999999999999
-354.5
-2973.3999999999833
-1150.2000000000003
-68.20000000000022
-774.5000000000025
-764.5000000000005
-231.0
-207.69999999999965
-6164.699999999915
-41.900000000000034
-12710.200000000124
-51.60000000000005
-542.0000000000001
-80.40000000000023
-2516.5
-136.9000000000001
-1900.9000000000033
-542.1000000000001
-906.0000000000025
-663.3000000000015
-50.700000000000074
-4001.099999999985
-1919.4000000000003
-663.6999999999987
-355.39999999999884
-1372.600000000002
-3977.1000000000095
-3604.000000000002
-614.8000000000017
-7496.699999999972
-60.20000000000003
-1755.800000000006
-86.60000000000014
-1335.2000000000005
-42.10000000000004
-1777.6000000000008
-84.0000000000001
-55.40000000000005
-1044.6999999999996
-46.50000000000003
-280.0
-42.90000000000006
-5519.299999999975
-1669.0
-1082.9000000000003
-51.00000000000006
-1013.1000000000001
-46.50000000000004
-69.80000000000005
-1968.4000000000028
-4567.099999999999
-986.1000000000001
-46.80000000000004
-124.50000000000028
-621.2999999999992
-545.4000000000005
-2403.9999999999723
-1823.5
-1105.9000000000015
-67.20000000000006
-51.80000000000004
-1272.0999999999995
-2411.2
-1962.0000000000023
-60.70000000000016
-108.20000000000003
-2069.5
-73.00000000000003
-60.10000000000004
-54.200000000000045
-4361.999999999969
-2243.8000000000065
-104.6000000000002
-2235.7999999999993
-1568.000000000001
-4629.099999999955
-1317.3000000000004
-1205.0
-64.60000000000007
-1074.8000000000047
-3285.6000000000004
-4454.499999999995
-1133.7000000000035
-2790.3999999999924
-1826.0000000000014
-1336.0000000000048
-2227.0000000000027
-532.0
-3496.899999999995
-808.3
-2683.100000000006
-138.7999999999999
-778.9000000000044
-1780.0000000000055
-1601.100000000004
-1385.7000000000023
-80.90000000000005
-4035.799999999992
-1797.8000000000002
-359.89999999999975
-709.3000000000011
-706.6000000000013
-806.5
-7098.999999999921
-79.10000000000007
-1100.0000000000011
-407.4999999999998
-1452.5
-66.10000000000016
-2636.500000000001
-3107.099999999984
-209.0999999999999
-2885.900000000006
-920.0
-44.800000000000054
-5624.099999999989
-2252.500000000001
-853.3000000000025
-753.5
-35.20000000000003
-3412.2999999999993
-49.70000000000006
-3796.1999999999953
-3368.6999999999834
-327.60000000000014
-1171.700000000003
-6408.399999999977
-1691.9000000000055
-3192.5999999999767
-1195.1999999999996
-159.99999999999937
-759.9000000000001
-1527.800000000002
-3254.299999999961
-2061.0999999999976
-2485.6000000000004
-52.00000000000007
-895.9000000000003
-4142.899999999989
-1696.5
-1255.6999999999996
-3023.1000000000017
-1325.000000000001
-4579.5999999999885
-49.900000000000034
-933.0
-36.30000000000004
-3115.599999999973
-734.6000000000026
-4082.8999999999596
-224.59999999999894
-772.6999999999996
-209.29999999999987
-1014.5
-40.10000000000005
-791.4000000000001
-434.59999999999985
-114.40000000000009
-54.20000000000003
-363.60000000000014
-44.30000000000007
-70.80000000000005
-1870.5000000000066
-111.0
-1053.5
-983.4000000000003
-105.40000000000018
-1454.5
-65.40000000000033
-496.0999999999989
-353.9000000000001
-560.3000000000075
-343.49999999999994
-730.8999999999997
-445.80000000000024
-37.90000000000005
-219.69999999999987
-590.0000000000013
-66.70000000000012
-1962.4
-200.9000000000001
-222.39999999999947
-584.2000000000019
-791.3000000000009
-236.60000000000014
-54.20000000000009
-465.19999999999965
-487.39999999999924
-3825.1999999999757
-3735.600000000003
-504.89999999999884
-1647.8
-1863.8000000000002
-47.50000000000017
-960.0999999999988
-3339.6999999999493
-1996.4000000000035
-1117.9
-3345.8999999999846
-416.10000000000014
-437.5999999999999
-3237.0999999999835
-37.00000000000004
-2921.2
-229.10000000000002
-6749.899999999961
-4909.79999999995
-857.6000000000101
-2282.500000000009
-4856.899999999986
-974.4000000000019
-585.5000000000001
-2449.199999999997
-252.0999999999991
-4479.900000000004
-5202.499999999917
-1171.0000000000055
-4604.399999999986
-815.1999999999994
-1124.1999999999998
-1512.6000000000026
-396.7999999999996
-382.3999999999991
-1510.900000000017
-51.50000000000006
-2662.499999999995
-600.0
-1923.9000000000024
-2852.3999999999996
-1564.300000000001
-3261.0
-2408.2000000000153
-436.99999999999994
-887.4000000000003
-1099.6000000000097
-2569.8999999999996
-3868.3999999999824
-92.30000000000004
-68.60000000000018
-2344.0
-204.99999999999991
-48.10000000000002
-418.3999999999996
-5143.099999999971
-532.9000000000028
-807.5000000000009
-73.60000000000032
-1725.7000000000032
-839.0
-37.60000000000004
-1459.2
-2827.7000000000007
-39.60000000000005
-1734.5000000000011
-1512.4000000000012
-448.4999999999986
-591.6000000000006
-852.0
-51.70000000000016
-134.19999999999973
-2827.999999999998
-517.100000000001
-620.5000000000002
-7150.700000000004
-213.0
-865.9000000000001
-93.60000000000005
-1217.8000000000065
-2596.2999999999865
-1066.4000000000008
-1748.3999999999996
-1502.5
-36.400000000000034
-966.900000000004
-6608.799999999982
-912.5
-5044.999999999969
-252.79999999999993
-2244.300000000007
-142.5
-5048.0
-1189.6000000000013
-541.3000000000001
