1.4585576
0.9477895
0.119563855
6.242365
3.9437907
6.316172
0.06400048
0.3444941
5.6300526
0.27245823
0.21050186
5.304868
0.22797732
0.23596989
7.5491757
0.23541473
6.068419
0.20140564
2.6083357
0.060937952
4.5184064
1.285862
0.09932226
0.28851846
7.975807
0.9584694
0.18770146
0.49422607
0.75738716
2.2433035
0.30252823
2.8645027
5.799719
6.3872056
0.04382139
0.6663124
1.1055588
1.3473381
5.3157744
1.7682441
0.4329044
3.9094832
2.9140203
6.4676533
0.70413166
0.48690984
0.07591629
6.7691884
0.053679015
0.11494204
0.081863716
0.44869468
6.109182
1.8548946
