1.4200057
0.46297747
0.19859685
0.35026172
0.15750052
-0.6925119
-0.52220297
0.37986535
0.36789984
0.034425877
0.19898571
-0.08387059
-0.30717808
-0.24310341
0.2602535
0.19499479
-0.12775289
0.09434511
-0.47021145
-0.55602306
-0.6037416
0.51318175
0.46037167
0.1907296
-0.07735937
-0.21530059
-0.39050278
-0.6235676
0.64067715
-0.09230367
-0.06793516
-0.39905396
-0.8182589
-1.1576376
-0.9075862
0.55335724
0.28575167
0.04343065
0.25965092
-0.092469744
-0.57127315
-0.7080656
0.5376195
0.17773847
0.69871765
0.14824335
-0.014638987
-0.3321643
-0.267743
0.27157664
0.5120854
0.36635306
-0.21678843
-0.09884282
