-4089.099999999996
-5711.499999999999
-6538.499999999989
-5330.399999999995
-4197.999999999993
-748.8000000000113
-3422.8999999999955
-1227.0
-136.89999999999986
-2110.800000000004
-5233.7999999999865
-4874.799999999996
-1150.6000000000072
-3932.0000000000036
-10745.700000000052
-272.29999999999984
-936.4000000000003
-50.00000000000004
-2134.4000000000033
-1453.8000000000013
-224.90000000000035
-1218.5000000000034
-1159.0
-156.5
-799.3000000000013
-3955.5999999999976
-10614.800000000163
-228.6999999999997
-1469.800000000001
-3599.399999999996
-3189.300000000005
-127.50000000000017
-100.10000000000015
-5757.799999999956
-804.9000000000008
-1320.1000000000035
-2836.4999999999936
-186.50000000000023
-5448.699999999964
-2506.0
-764.200000000006
-998.5000000000009
-2172.2999999999975
-374.1999999999991
-5328.499999999971
-697.0
-627.1000000000001
-1825.300000000001
-864.3000000000028
-5068.799999999931
-5434.9999999999545
-5613.699999999912
-1539.3000000000063
-541.5
-1213.800000000008
-160.5
-8267.499999999967
-3546.400000000014
-367.3999999999997
-382.09999999999917
-71.00000000000018
-7739.499999999955
-351.5000000000001
-2323.4999999999936
-88.90000000000019
-4205.199999999985
-1507.5
-9648.000000000025
-136.99999999999977
-2032.9000000000158
-5317.199999999986
-862.4000000000005
-261.8999999999998
-1778.4000000000178
-673.7000000000003
-48.70000000000006
-1326.400000000001
-154.0
-592.5
-299.1999999999997
-5633.500000000002
-3261.5
-79.70000000000023
-402.79999999999967
-648.0
-5031.099999999986
-1108.5000000000025
-330.6
-876.7000000000035
-186.5
-428.9000000000004
-1864.2999999999986
-23240.500000000317
-1464.5
-3635.499999999975
-623.6000000000035
-1372.5000000000061
-1214.1000000000004
-402.59999999999934
-838.7000000000014
-556.3000000000025
-604.9000000000005
-233.0
-365.2999999999997
-224.1999999999997
-2198.899999999974
-1451.8000000000043
-4175.299999999989
-1632.0999999999995
-9839.90000000002
-74.00000000000006
-2686.9999999999873
-813.7999999999995
-6644.099999999967
-1282.2000000000014
-60.00000000000006
-2610.0
-5003.499999999979
-1623.400000000001
-818.4999999999993
-705.9000000000027
-297.79999999999984
-2638.3
-2148.199999999996
-700.1000000000016
-954.3999999999996
-8836.199999999968
-45.800000000000054
-1096.0
-345.50000000000034
-43.50000000000004
-1282.3000000000022
-3038.099999999999
-460.0
-727.0
-5387.799999999963
-1980.4000000000024
-2853.0999999999995
-116.0
-3466.1000000000035
-377.5999999999998
-425.0000000000002
-985.2
-603.5
-466.20000000000016
-1475.9000000000003
-344.99999999999983
-1558.9000000000058
-2454.1
-127.10000000000014
-1010.6000000000023
-3238.4999999999372
-3379.6999999999193
-1342.8000000000095
-1528.6000000000001
-2402.2999999999947
-4099.699999999997
-45.70000000000006
-604.800000000003
-323.90000000000015
-3135.2999999999956
-56.400000000000034
-1006.9999999999997
-7215.4999999999845
-1933.500000000004
-43.60000000000005
-484.3999999999997
-2261.6999999999953
-168.5
-161.09999999999994
-2246.1999999999844
-4362.999999999992
-2284.9999999999955
-232.09999999999974
-786.0000000000039
-1503.0000000000014
-146.89999999999975
-4464.700000000006
-1865.1999999999998
-6334.299999999979
-72.00000000000013
-1468.1000000000076
-1246.1000000000067
-2455.499999999998
-376.0
-4322.899999999984
-797.9000000000057
-626.5000000000001
-492.5
-3186.099999999989
-1854.100000000007
-4764.599999999963
-845.9000000000005
-105.00000000000007
-3089.4000000000005
-426.30000000000007
-1354.4000000000012
-391.00000000000006
-1374.1000000000045
-619.0
-666.0
-45.20000000000017
-744.5
-36.20000000000003
-95.5000000000002
-176.20000000000007
-2977.4000000000005
-1381.5
-1528.3000000000102
-798.0000000000052
-355.80000000000007
-1068.000000000002
-2399.399999999996
-1620.3999999999996
-1883.6000000000065
-220.59999999999974
-1625.3000000000045
-229.8999999999997
-89.70000000000006
-2102.5000000000036
-3143.000000000009
-38.700000000000045
-5478.799999999924
-530.1000000000006
-789.0000000000005
-66.90000000000005
-811.7000000000007
-269.09999999999985
-1581.1000000000008
-657.7000000000016
-1752.1000000000006
-592.9000000000008
-791.1000000000012
-63.700000000000045
-119.5
-3261.600000000002
-1349.9000000000026
-361.0
-551.5
-1290.5999999999997
-49.20000000000003
-743.0
-1405.0
-176.09999999999985
-116.20000000000003
-91.60000000000004
-2244.0
-239.5
-881.3000000000006
-137.3999999999998
-42.10000000000004
-1598.1999999999994
-39.300000000000026
-899.1999999999996
-1051.0
-1975.9000000000024
-943.200000000001
-1279.3000000000004
-579.6000000000008
-2229.5000000000036
-148.5
-1421.0000000000018
-1922.5
-899.2000000000007
-2589.1000000000004
-1574.4
-39.70000000000003
-131.49999999999983
-1589.100000000004
-1785.200000000002
-3902.699999999977
-285.70000000000005
-797.6000000000006
-92.50000000000014
-5617.299999999956
-1871.0000000000027
-1258.800000000001
-83.60000000000005
-561.5000000000005
-1572.200000000007
-2292.0
-42.900000000000034
-601.0000000000042
-711.0
-1149.0
-2003.7000000000005
-849.200000000001
-1143.700000000003
-455.79999999999984
-12662.300000000148
-3609.399999999978
-1246.4000000000028
-2260.0
-2954.6000000000004
-2568.5
-319.5
-286.5999999999991
-1319.0000000000034
-3510.600000000002
-1078.5
-994.5
-47.20000000000006
-2103.300000000002
-47.60000000000005
-3105.299999999984
-668.8000000000002
-84.40000000000006
-1291.2999999999997
-279.6
-223.0
-591.000000000002
-110.80000000000013
-387.0
-174.29999999999984
-131.5
-448.69999999999976
-1069.600000000002
-220.0
-67.00000000000006
-1720.4000000000046
-295.6999999999997
-784.4000000000024
-312.7999999999994
-1127.3000000000009
-486.69999999999897
-1482.3000000000015
-1291.8
-495.49999999999983
-108.60000000000004
-1974.6999999999996
-38.800000000000054
-1995.1000000000001
-2886.5999999999995
-2134.700000000002
-61.70000000000003
-255.5
-382.5999999999999
-3723.0999999999804
-575.8999999999999
-66.10000000000012
-356.5
-2715.7999999999906
-1584.000000000001
-1272.0000000000052
-1535.9000000000012
-868.6000000000001
-991.0000000000032
-1868.500000000011
-562.8
-6594.4999999999845
-642.2000000000005
-342.7999999999999
-854.700000000001
-1799.2
-342.99999999999994
-697.2000000000006
-1417.9000000000076
-638.7000000000039
-1453.6000000000038
-39.200000000000045
-153.0
-208.79999999999984
-622.4000000000009
-854.2000000000069
-124.30000000000007
-91.80000000000011
-206.0
-5073.999999999996
-1001.5
-62.70000000000003
-2688.5
-78.10000000000016
-1124.3000000000022
-171.2999999999999
-417.0
-1291.5
-1254.7000000000005
-434.79999999999944
-3079.0000000000023
-797.7999999999995
-2047.300000000027
-1491.5
-3272.100000000002
-56.10000000000004
-293.80000000000007
-1159.0000000000007
-300.9000000000001
-1564.0000000000045
-612.5
-558.1000000000008
-311.0
-1616.7
-2169.2
-45.700000000000045
-3324.9000000000024
-657.5
-1654.9000000000028
-216.59999999999994
-116.80000000000003
-58.30000000000004
-832.5
-71.2000000000001
-588.8000000000006
-806.5000000000007
-81.10000000000005
-878.9000000000017
-40.200000000000045
-72.7000000000001
-52.70000000000013
-64.10000000000002
-114.50000000000006
-320.70000000000016
-42.900000000000034
-174.0
-333.7
-429.5999999999999
-430.49999999999994
-143.2999999999999
-52.30000000000004
-65.50000000000006
-1828.5
-2632.399999999997
-1030.6000000000015
-5074.199999999993
-5612.599999999959
-118.00000000000014
-1714.200000000001
-1114.5
-2754.6999999999935
-986.8000000000025
-1503.3000000000018
-2083.8999999999987
-1249.5000000000011
-48.700000000000045
-1428.100000000009
-1176.200000000002
-741.5
-2260.2999999999997
-650.0
-2966.900000000001
-48.50000000000003
-81.80000000000004
-8554.099999999973
-440.9000000000002
-30.199999999999992
-1279.1000000000026
-1059.0
-1828.3000000000002
-3024.700000000008
-146.19999999999982
-225.79999999999976
-48.70000000000006
-3588.899999999977
-45.80000000000004
-908.4000000000017
-1765.4000000000021
-84.00000000000006
-1373.5
-451.39999999999964
-48.60000000000004
-1820.6000000000092
-393.39999999999975
-893.6000000000009
-8524.000000000033
-35.70000000000003
-761.2000000000007
-7307.999999999947
-297.89999999999975
-2311.499999999999
-1194.1000000000142
-461.59999999999957
-157.30000000000004
-372.0
-1048.2000000000028
-276.9999999999994
-329.09999999999997
-587.6999999999997
-3133.200000000007
-113.60000000000026
-35.900000000000034
-625.5000000000007
-1136.0000000000007
-839.9999999999986
-1229.900000000002
-699.6000000000013
-160.19999999999987
-757.5
-1448.6000000000033
-194.0
-715.2
-935.8000000000011
-59.70000000000013
-511.7999999999995
-58.40000000000008
-80.80000000000004
-112.0
-45.20000000000009
-96.50000000000004
-919.6000000000001
-40.10000000000005
-446.09999999999934
-463.69999999999897
-5773.799999999984
-28.199999999999992
-197.59999999999997
-845.5999999999991
-1158.9000000000003
-3288.2999999999843
-36.60000000000004
-101.40000000000022
-111.00000000000006
-653.0
-1184.0
-145.10000000000008
-1426.3000000000072
-168.3999999999997
-63.80000000000007
-811.5
-1917.700000000004
-577.4000000000012
-1915.5000000000061
-47.90000000000008
-438.30000000000007
-1965.500000000003
-146.2999999999999
-344.69999999999976
-3019.2000000000007
-262.5
-849.5
-123.0
-37.10000000000002
-710.4999999999993
-128.0
-958.6000000000023
-184.0
-232.59999999999945
-664.3000000000006
-490.5
-250.3999999999998
-767.8000000000056
-1014.0
-332.0000000000002
-859.5
-1013.5
-38.60000000000002
-2178.800000000002
-374.99999999999994
-774.6000000000042
-452.09999999999957
-1645.600000000002
-200.0
-138.39999999999986
-4835.499999999977
-901.9999999999997
-723.6000000000008
-90.30000000000013
-320.90000000000026
-814.7000000000016
-4421.999999999996
-52.00000000000004
-297.49999999999983
-628.4000000000001
-620.5
-2803.7
-393.79999999999956
-1265.2999999999997
-3601.8999999999887
-1394.7000000000037
-606.1000000000006
-125.20000000000006
-1059.5000000000011
-113.0
-2105.300000000002
-536.1999999999996
-2086.7000000000025
-1258.0
-58.200000000000074
-1132.7000000000012
-1487.8999999999996
-143.69999999999976
-622.1999999999996
-1600.5
-974.3999999999992
-4037.299999999982
-3099.6999999999875
-2627.299999999985
-1708.4000000000026
-1683.5
-2363.2999999999943
-818.100000000006
-5479.5
-2398.399999999998
-612.1000000000001
-2314.299999999991
-706.7000000000012
-5283.999999999988
-1319.9000000000008
-69.90000000000005
-783.3000000000034
-199.29999999999973
-2160.2000000000016
-832.8000000000006
-66.70000000000027
-1488.6000000000045
-3434.699999999959
-520.1000000000013
-256.5
-533.5000000000001
-1515.0
-631.4000000000005
-117.90000000000006
-802.0
-1243.0
-647.5
