1.0273666
4.297119
3.2722962
1.7078648
1.3382035
0.18213248
0.27212152
0.7223548
0.4987973
0.5536227
2.5020247
0.24353004
5.612688
2.8462179
0.409718
2.3721268
0.43124738
5.816668
0.5231697
0.05096218
1.6699824
0.1380559
2.3037288
0.36191297
3.7571862
3.618368
0.34419027
1.1069224
6.892208
31.458769
0.43251327
6.110124
1.2646586
33.711628
34.549053
0.3579053
4.0019336
11.052836
0.2855991
1.7050152
0.3452793
0.56409276
8.870791
0.7702165
25.564104
12.896401
0.90465826
2.298679
2.2306638
0.68197185
0.5467537
0.42636466
1.3467792
0.21876216
0.7543585
52.96876
1.9407517
0.80148476
0.31217805
9.252929
1.4021583
