-0.5038856
-1.2218987
-0.81483644
-1.1543734
-2.2611625
-2.3648908
-0.9045095
-1.9853375
-2.4293857
-2.9352207
-3.2676258
-4.473308
-8.0966
-8.812896
-4.7421675
-6.060519
-3.9201012
-18.56739
-12.803186
-8.149789
-11.076311
-12.5876875
-11.704679
-17.59248
-23.060738
-20.395208
-14.663671
-28.619267
-20.98301
-31.238556
-37.155983
-36.218224
-55.512188
-41.628582
-41.900105
-14.315287
-13.265198
-33.048656
-30.657759
-12.4101925
-34.499313
-12.800363
-63.756874
-55.19061
-22.718966
-34.753674
-41.398613
-67.41985
-39.881348
-26.428871
-33.161602
-83.2196
-73.33672
-18.768663
-80.63571
-52.18143
-98.075066
-19.079132
-44.119457
-97.62375
-56.206524
