-13220.700000000132
-1002.1000000000031
-9147.20000000003
-13644.100000000017
-2339.8
-590.2999999999995
-7193.6999999999
-165.29999999999905
-3575.2999999999665
-11411.700000000174
-2509.5
-4106.199999999961
-665.900000000003
-7675.899999999987
-2036.5000000000018
-6382.099999999998
-8570.699999999986
-142.99999999999943
-1117.500000000002
-2139.1999999999884
-167.0
-114.20000000000006
-5447.09999999994
-1817.4
-22326.300000000523
-2895.5
-1668.0000000000016
-3800.4999999999973
-5686.899999999978
-2334.7999999999906
-2122.600000000001
-584.6000000000013
-3322.1999999999603
-7343.199999999927
-4624.799999999983
-12042.099999999999
-2449.699999999988
-1698.8000000000027
-4093.7
-92.0000000000002
-1407.9000000000085
-25488.800000000378
-2522.8000000000047
-1256.3000000000022
-1934.0000000000118
-64.10000000000007
-4928.099999999988
-10296.800000000118
-4593.599999999948
-779.000000000001
-8474.2
-2535.5
-12682.800000000121
-2671.2000000000025
-2053.400000000006
-2181.600000000003
-885.1000000000029
-401.2000000000003
-213.5
-1013.7000000000003
-221.7000000000001
-3547.6000000000004
-206.10000000000082
-45.400000000000034
-65.80000000000003
-59.20000000000003
-58.600000000000065
-1484.600000000001
-230.0
-2010.500000000001
-3900.5999999999976
-297.2999999999986
-592.2000000000005
-3047.6999999999953
-152.5
-2333.3999999999996
-665.5
-33.20000000000001
-229.29999999999984
-566.4000000000015
-1366.6000000000008
-2272.3999999999996
-672.3
-1758.0
-22503.400000000147
-2934.8999999999814
-90.50000000000003
-242.39999999999986
-116.30000000000003
-423.5000000000001
-338.5
-1401.0000000000086
-803.7000000000039
-1183.5000000000077
-3650.9
-2508.199999999996
-62.80000000000004
-1986.7000000000055
-2593.199999999996
-4358.799999999994
-1021.099999999997
-4163.5
-555.8000000000021
-3121.4000000000015
-619.5
-4426.5
-125.0
-1614.8000000000009
-2462.500000000001
-439.5
-192.5
-415.6
-5501.399999999974
-754.3000000000089
-683.0
-747.800000000002
-1982.6999999999996
-372.0
-74.00000000000014
-1480.3000000000081
-3004.5
-2728.4999999999945
-533.0
-222.39999999999986
-3287.099999999994
-1504.3000000000013
-483.19999999999914
-1585.3999999999996
-2149.4
-620.0
-1329.2999999999997
-1624.9000000000042
-833.600000000001
-966.600000000003
-76.30000000000004
-3516.19999999998
-2634.1000000000045
-55.200000000000074
-568.8000000000006
-2443.5
-2448.899999999998
-3339.5
-1071.8000000000013
-48.70000000000016
-1239.0000000000025
-1787.8000000000002
-1113.5
-268.3999999999994
-1022.0000000000036
-679.0999999999997
-51.20000000000003
-1235.5
-269.0
-989.0
-95.60000000000004
-445.79999999999984
-2844.8999999999887
-308.0
-58.20000000000006
-2035.9000000000008
-151.5
-107.00000000000014
-824.6999999999997
-1443.5000000000018
-186.0
-42.60000000000004
-447.7999999999993
-879.2000000000007
-614.9000000000041
-522.8000000000001
-446.7000000000001
-794.3000000000004
-118.70000000000003
-1567.0000000000014
-699.8000000000031
-65.90000000000013
-485.5999999999998
-111.90000000000015
-692.0
-1741.5
-822.9999999999989
-99.0
-260.0
-148.5
-583.5
-99.0
-148.5
-462.0
-677.3999999999996
-893.0000000000098
-148.5
-1833.8000000000002
-576.0
-1946.1999999999996
-738.0
-469.5
-567.5999999999993
-1353.200000000005
-618.6000000000001
-1313.4000000000055
-1116.7
-75.00000000000016
-813.6000000000004
-320.50000000000017
-1787.6000000000001
-680.0999999999997
-188.0
-182.29999999999887
-1213.9999999999984
-348.5
-294.0
-1679.0000000000018
-585.5000000000007
-190.5
-2138.5
-616.0000000000023
-1213.3000000000052
-972.6000000000051
-374.70000000000005
-936.000000000002
-72.00000000000003
-1025.2000000000014
-2555.899999999986
-548.2000000000003
-518.5000000000008
-103.40000000000012
-965.1000000000004
-360.0
-2560.60000000001
-1723.5
-2846.500000000002
-1015.8000000000015
-751.4999999999991
-1440.100000000002
-945.0999999999998
-96.00000000000004
-1712.3000000000006
-2331.5
-1495.300000000001
-371.5999999999995
-341.3999999999998
-1444.7000000000005
-680.9000000000002
-1285.8999999999996
-672.4000000000017
-169.39999999999986
-866.9999999999989
-127.0
-3981.5
-920.5000000000009
-1360.7000000000005
-69.80000000000003
-1424.3000000000047
-2428.1000000000063
-306.0
-61.00000000000003
-1957.6
-730.5999999999996
-551.0000000000022
-635.1000000000008
-276.8
-817.5
-132.4999999999999
-167.69999999999789
-1685.9000000000092
-755.0
-2167.3
-2298.0999999999653
-76.00000000000013
-1002.5
-1027.2000000000046
-908.4999999999998
-370.5999999999999
-138.0
-231.5
-2059.8000000000056
-361.90000000000015
-2561.4999999999727
-349.5
-2657.1999999999816
-237.2999999999994
-903.400000000003
-1597.4000000000015
-80.00000000000007
-499.49999999999966
-485.70000000000005
-1663.8000000000002
-488.8000000000001
-4045.8999999999724
-56.40000000000012
-60.00000000000004
-414.6999999999989
-462.0
-562.8000000000001
-444.1999999999999
-2510.8999999999933
-2579.9000000000096
-376.0
-185.0
-436.4000000000002
-171.09999999999957
-946.1000000000004
-2629.599999999995
-2286.4999999999845
-161.20000000000007
-1545.1
-954.400000000012
-353.5
-3923.6999999999625
-383.4999999999999
-825.5
-1428.2000000000103
-778.0000000000014
-481.3999999999991
-1556.300000000007
-2001.1000000000038
-53.90000000000012
-2173.600000000002
-785.5
-3787.1999999999866
-3143.400000000007
-803.9000000000017
-137.0
-871.0999999999997
-1204.9000000000037
-1754.100000000006
-145.0
-398.5
-325.0000000000001
-699.2999999999995
-274.0
-472.5
-57.10000000000004
-276.0
-254.0
-534.3000000000038
-748.8999999999991
-1753.6
-329.5
-1019.5
-56.10000000000005
-294.0
-503.09999999999997
-297.0999999999999
-446.9999999999995
-412.5
-2666.4999999999995
-541.4999999999982
-507.0
-707.7999999999995
-748.8000000000001
-2377.0
-1032.5
-4502.599999999993
-465.0
-507.3999999999992
-480.1000000000001
-2547.300000000002
-666.0000000000025
-1162.0
-497.59999999999985
-1101.300000000001
-103.60000000000014
-829.2000000000005
-826.0
-1925.4000000000012
-611.6999999999997
-708.3000000000001
-60.50000000000004
-497.20000000000016
-375.0000000000001
-1535.100000000002
-639.5
-485.29999999999995
-53.30000000000004
-1002.7000000000024
-290.0000000000001
-43.30000000000007
-1144.1000000000022
-43.30000000000004
-609.9000000000008
-364.2000000000001
-779.2
-40.60000000000004
-1495.3000000000009
-57.60000000000005
-818.4999999999995
-1526.400000000001
-3990.4999999999986
-2398.0
-175.59999999999968
-513.6000000000001
-390.0
-4567.799999999999
-1354.0
-435.79999999999984
-86.00000000000004
-473.0
-121.30000000000013
-1926.0
-142.9999999999999
-650.5000000000045
-954.5000000000002
-324.0
-88.00000000000017
-580.4999999999985
-69.10000000000005
-2665.1999999999853
-224.0
-1011.4000000000003
-619.5
-264.0
-90.80000000000008
-755.0000000000001
-448.5
-877.0
-522.1999999999999
-229.0
-97.50000000000014
-439.4999999999993
-273.4999999999998
-653.7000000000035
-2239.4000000000015
-132.0
-1422.0
-480.89999999999975
-72.50000000000004
-101.60000000000035
-1548.6999999999991
-382.6999999999998
-116.20000000000032
-565.0
-3490.000000000001
-50.00000000000013
-60.300000000000225
-1282.3000000000022
-1635.3000000000025
-321.3999999999997
-51.50000000000004
-351.4999999999998
-756.9000000000012
-650.0
-362.39999999999986
-145.59999999999985
-49.7000000000001
-81.40000000000012
-848.3000000000001
-1565.4000000000049
-50.400000000000105
-2339.9000000000024
-991.3000000000001
-321.7999999999993
-203.59999999999945
-499.5999999999998
-1175.9999999999998
-40.400000000000034
-503.5999999999967
-444.09999999999957
-2944.8999999999946
-635.5000000000001
-740.3000000000055
-197.5000000000001
-619.5000000000018
-806.5
-50.900000000000034
-52.30000000000007
-150.89999999999986
-440.89999999999964
-1198.199999999998
-537.0
-56.60000000000012
-56.60000000000004
-373.09999999999997
-44.90000000000006
-1506.1000000000001
-48.700000000000045
-1238.7
-2345.1000000000054
-562.600000000008
-92.70000000000003
-349.40000000000015
-63.400000000000034
-858.5000000000001
-59.10000000000002
-469.5
-269.90000000000003
-220.80000000000018
-61.60000000000002
-340.99999999999994
-940.5
-785.6999999999994
-101.00000000000004
-303.799999999999
-866.9999999999995
-835.5999999999999
-728.5999999999993
-1146.8000000000015
-86.60000000000029
-1128.9
-542.200000000003
-494.3999999999995
-938.8999999999999
-1339.1000000000004
-747.0
-564.1
-777.7
-983.2000000000007
-344.49999999999983
-121.10000000000004
-50.30000000000004
