0.03341137876362016
0.035136561700016715
0.07679936703073371
0.07383646355109247
0.07138890734374426
0.0643828721833338
0.06272590997204454
0.04885744986357373
0.05613163223758979
0.06713416498503845
0.07882681839045703
0.047563765122839795
0.10370247893419354
0.06110451651259374
0.07238187671342654
0.03340925997916966
0.08009152989324668
0.09122837684834399
0.08807120619346254
0.06981972265370882
0.042847507897988635
0.046285099559114196
0.048518948114038875
0.03964384579426993
0.03199409991159596
0.04283425513645883
0.07074322506095022
0.04293669656841256
0.08152343895059311
0.045734738088211484
0.12455279485245226
0.1036587430489639
0.11510774929071303
0.024381154059394377
0.1283771019074927
0.06832381577910877
0.03331789773745608
0.09255085524948287
0.0772710080671158
0.06934507424582058
0.05306882024672157
0.10215450960305737
0.11580131310947883
0.12424050894391177
0.1109260492162943
0.1110740761564799
0.17349527588695465
0.2343402219496268
26.038305789477572
0.06761303470606535
0.1188982074701372
0.23431007920519778
0.28379778682461226
0.2494925090175489
0.21750618328680116
0.15653673480739846
0.14163202082257006
0.12093394258493595
0.09365539370917737
0.07095607716821284
0.06868435719951498
0.025268026834583734
0.06960222567556568
0.1375657060324905
0.08281389076802252
0.08469410923157224
0.1060560684159602
0.05820051708302071
0.08639373297724301
0.12031702535351868
0.06517464376964914
0.11958043529394646
0.17993612373800313
0.19781398750477594
0.3306565082869625
0.1592174171911084
0.2198707795870409
0.2009766104607765
0.1713947497118379
0.19146974885505333
0.18204441536893592
0.23195963834967634
0.14022923211941243
0.13800744560314768
0.07019169192621541
0.05866742106832079
0.09294911580113048
0.02371736342007211
0.0375583637675889
0.033272518931555556
0.11315607985085235
0.080147921694813
0.04893697551585436
0.0658035395034094
0.06255403798640365
0.1771340545965379
0.17435110469705092
0.15758199914634988
0.28468373454817525
0.3046840956260519
0.27715966400958464
0.2567035252003242
0.2624209543670931
0.26208558079990435
0.2042461907816826
0.12426511420461557
0.2645391734335732
0.26315497392615855
0.24494913087177603
0.24266315051593393
0.32395565799565357
0.35640558192649
0.21063393373701098
0.17350468478853864
25.441561600279645
0.09276761343529688
0.05980688914990173
0.09985602424870443
0.09142274580529823
0.11996047533774525
0.12066855102262915
0.10101478239153423
0.058968120740090745
25.778231737226648
0.02329241527931805
0.08433553708463626
0.1092070199235532
25.336419031546708
25.953699505110276
0.15241529030845927
0.1827396948496156
0.2547591073284196
0.18220558305666998
0.21083885804389393
0.31671824210400673
0.36538414978277073
0.2486864900301429
0.32635371837310545
0.2594092345386508
0.2200599272821484
0.18157023507137557
0.1429347630000136
0.047868795879868455
0.15103256728827477
0.06891691428630553
0.07925100980358032
0.1122503164903283
0.11688425872713416
0.1408138290498896
0.11270661977010336
0.11223218323362295
0.11761096269509025
0.09141512276023854
0.057116384111745265
0.19983914279924755
0.12331416794686478
0.23251046542887033
0.19777629260367924
0.2303224407454557
0.19761992349288118
0.1026296958361058
0.16397241999084633
0.055971323020448265
0.04363141713580703
0.05514935096599425
0.03365209058302337
0.06665069426913665
0.18315771784005955
0.20573328643818364
0.28431846530107757
0.24681284560500258
0.16189913765122532
0.31583197994534506
0.30335393764376894
0.21441054535465087
0.1708240674083716
0.11416580554847722
0.09349046390552208
0.14632628097637843
0.19198228301291095
0.16187588169130349
0.1433283174498973
0.13609840592571346
0.055856744668767916
0.12384673304502765
0.13183200626034905
0.0481899672098181
0.11875283197530528
0.1350610432591595
0.11360113027589598
0.16553947053949117
0.16424065781277308
0.19484848418516298
0.22364135551589168
0.17158654164896628
0.2172035807084899
0.26314776898826914
0.2960057187596434
0.3092432554573144
0.3490045646145345
0.3215914300597376
0.3026147769693592
0.19440633815878447
0.1596307488908275
0.12031822164798607
0.08081782664715549
0.15224808405046367
0.09083207725048503
0.14386115901813964
0.21803895492314895
0.273319837411978
0.38610819112526107
0.39798310523107006
0.2386164064679556
0.3711551361486611
25.87770672759896
0.4000916933673233
0.28250160861744694
0.258234235255351
0.13790916974608972
0.12263985928765402
0.09424311778843071
0.130755690482128
0.13420680494107418
0.17510292042858153
0.07648972324089039
0.17858214457951768
0.09941392899635726
0.18561393891971942
0.18349875712841754
0.21112308955884354
25.41217721265517
0.18742173463136927
0.10256766818240289
0.1502726393498973
0.12601666158383776
0.06295141244009397
0.16100145724489318
0.2967828948989234
0.21099385928017514
0.16953093795676785
0.29191845064198757
0.17127694522738768
0.23428967140526638
0.2605137402928564
0.08590881083939868
0.1840943028529394
0.21520357829606143
0.04280486852886209
0.11533606018382718
0.07869946034067321
25.659510786501574
0.15895073563155815
0.10187270444781964
0.22117060724819493
0.23922617020652528
0.1764361142510378
0.2174861774798954
0.1815987146709579
0.1684826543537564
0.1725318984235383
0.18325546859050035
0.19763804236430893
0.303949365903681
0.20595014962554545
0.20346041403929896
0.19146457096492367
0.16440538222301007
0.13253749684391827
0.13729889287333674
0.06588444832233457
0.09032580806874212
0.05513367840932192
0.14365134005446709
0.15202432372574862
0.20569183093711008
0.2832364655338917
0.2572440400319446
0.1649864048683947
0.17772082977603243
0.1046442190813429
0.15332843352283876
0.1565084490426596
0.10824037016742975
0.18984438901838466
0.17318085436138628
0.24916405155597068
0.17086430459135263
0.13681157381168765
0.17208932192558687
0.10144091252146499
0.1084990644090411
0.055298911213203905
0.061920808959269685
0.0752591137214186
0.09299206723319098
0.07940001601634697
0.13727630873041027
0.16493016750620618
0.12557702329646772
0.10600282764450293
0.08640415055846633
0.16301896824592665
0.12089605423253226
0.10217407921214339
0.09227210452241996
0.05793940662396072
0.04676299125856753
0.06420976014292233
0.06517458650274877
0.07811391504002956
0.03527204963771121
0.01921426488101681
0.05512189288040481
0.059950135821491134
25.891841858793708
0.07223994289708034
0.09549217088910474
0.04464473095782984
0.06675930192129877
0.06177487210430085
0.13476670358219653
0.09772185462500538
0.13344219770756785
0.22792268357100784
0.1184580271169751
0.13010409683816002
25.700705275277922
0.09821340779632391
0.049895142670026565
0.1013482663308769
0.1015896237484591
0.18923534054686542
0.1761547120235097
0.27319631693840646
0.20767532210659012
0.1681726539635889
0.15828499736834534
0.09757727993972416
0.0928230250696291
0.06350770570604976
0.0650238905772282
0.08242517078006834
0.0263164128794079
0.058484962458114576
0.05675646030890186
0.08081701939783924
0.07169975240340598
0.12142386260757056
0.116219307785541
0.1316391759557001
0.07659350772998028
0.1805893738731048
0.13895605988154927
0.16590075458807443
0.20026387246561086
0.12983859492456368
0.2050835173455139
0.14606341306088766
0.11086187736966929
0.20849123592377483
0.19038851982892158
0.23194270861726066
0.23942452633829814
0.2511388644574693
0.20608552692142856
0.21554261461362254
0.27218126353125127
0.22717923672030568
0.27416022529146084
0.18973011871567766
0.12703802002503828
0.19280342434646514
0.1831146587199989
0.10856514598761907
0.19718594930994757
0.2607126439173721
0.3208256791826675
0.23614310902210145
0.15323739130719735
0.21420099775353765
0.3853568356273009
0.3041735454906042
0.22168526521763596
0.16467842325850252
0.1836893663133586
0.25015432791043585
0.18238745633308606
0.15922652172383234
0.12675893952438735
25.780640235626503
0.18523016436924963
0.0899621789336203
0.09979445660867274
0.07748044487193971
0.1279493843676391
0.1342117700100983
0.16233180636939218
0.19160300137016714
0.1940708145303259
0.198487052473613
0.15177189754544326
0.21066573974807545
0.12800124781687425
0.20719498591650806
0.13759878019917893
0.16785020230544398
25.612144144959373
0.19009814440778217
0.1941577886705178
0.1247377899327612
0.23687570988519455
0.20265229025830314
0.23047869489344522
0.1788628187197031
0.13589788505213787
0.12463850897629296
0.11913534502602839
0.07055344230192766
0.15626377065342553
0.09586572633273853
0.09981884767131592
0.09193139500256348
0.07450832733584378
0.09766973458774404
0.07505804987265531
0.06306720775101694
0.10035592148454582
0.08235442773880391
0.1170076429983707
0.11473130090841151
0.27388893338180315
0.31505138557795326
0.2544131993017415
0.21601022337087517
0.2565650175431183
0.31192776755272444
0.31259481455460164
0.18837665901244605
0.2769662260404662
0.3445984385422256
0.2954228177929857
0.3031994942383838
0.21516333592986672
0.27450102337453747
0.19830325819164082
0.19711575514522015
0.2792306517021157
25.696095109780355
0.09683433526895983
0.09780452661398087
0.06314727459277542
0.03969649211379873
0.06470474476799636
0.23276200152019388
0.15716169217557938
0.06859522540049347
0.24533788560085737
0.2637659296176757
0.1883169482484609
0.1958275623261602
22.48531279056311
0.04297310349819505
0.021129541815044003
0.017947403006386968
0.056520710364224264
0.11205146396868189
0.1298582671088473
0.10748134676808356
0.07345388673421006
0.09228326008742194
0.09398331108205193
0.06334491967562496
0.10025820475699825
0.1450127848382642
0.19059387120043778
0.23553998990600836
0.182392968296313
0.1449717809274327
0.1601039690658951
0.11686030035600813
0.12221602359405566
0.2185409523003818
0.1325167080589929
0.11168292187503509
0.11685977992212589
0.12159588187776453
0.09001865826688417
0.06524107065610778
0.05630868610356682
25.87380267565925
0.08288188062900202
0.08196006176303362
0.10422778611343009
0.06680200764963068
0.06725669412574585
0.11125827878855843
0.09837297818919032
0.09991299595922627
0.08318705775015321
0.08651932859282936
0.11532478084565649
0.10683994325371954
0.16136209429989157
0.10762254244899512
0.1511108193508939
0.18160599097135544
0.16562006491910083
0.09683478540097361
0.09523660362182779
0.04804352986133941
0.06770202224536458
0.12716771600275337
0.1848842233810235
0.05391039654303071
0.15792352096953235
0.09134052545446024
0.07175219940054584
0.1939966414499111
0.12200419283466778
0.1595332701651159
0.14390417575296024
0.08897910630375801
0.12890508667587308
0.14608611142348948
0.07090016261072178
0.06333452241468548
0.10584708407751804
0.1919481054091068
0.17323830605833854
0.16620712647074262
0.21672152143452275
0.12093973843988444
0.15186176593060563
0.19610563641523493
0.09479876255346768
0.12271410432306111
0.12216983089083581
0.16009114044053777
0.2141070664602324
0.20572053182600514
0.14949663273475824
0.17541484929472215
0.11916176749401937
0.16816650259692859
0.15690613556421532
0.1266713031069634
0.17138619973129798
0.20032502011541356
0.2512487804577645
0.3276692837505299
0.3006470873179285
0.19813075322679433
0.23274943887511426
0.19762415704659433
0.28373231461749343
0.16617265950061053
0.23934025486965796
0.16590415973435232
0.14611564473192928
25.512787220182688
0.21838769709861686
0.0502543662303786
0.028782879710448017
0.06559438025930259
0.0722185483541318
0.07855002919787323
0.03985201153485681
0.08513226762180008
0.09183202573035844
0.0639931165680613
0.28898752136629374
0.5282971099732243
0.4362064081682151
0.5080005796072274
0.14401265563637136
0.14400073622537032
0.10061472017540278
0.06598260316714212
0.12507436668365388
0.09610633151141812
0.10370688833216594
0.2634097414853109
0.13804921634976183
0.1451096250133961
0.19820122713863256
0.12417865963195658
0.11518095691013867
0.09354344925868151
0.07263087040456313
0.07381523119632911
0.07228818751671647
0.1549187198903468
0.16625139143835013
0.08202446312956684
0.0996049774187307
