0.0520369622994894
0.021625490605910208
0.006935579689733351
0.011268977295899749
0.06214998672988592
0.02203327203720123
0.010595394115811972
0.005838209752380434
0.062135831237525106
0.015798159757895773
0.014098996996121412
0.007778288157403065
0.07252952988885351
0.03374079452378949
0.012733382902105208
0.006806083684377622
0.06714100584772668
0.031957846726261493
0.017370045958534197
0.00956090430887048
0.06838973015980154
0.03205769219600323
0.019064285770499834
0.010815542781178869
0.06213991814356434
0.03158578859254512
0.01212728985885726
0.006999628741705059
0.07598891352724911
0.016804431496431297
0.012832920539808296
0.006482783757483273
0.07454414227155494
0.028493193205685385
0.013100520521345468
0.007224162041697139
0.08255463502766285
0.024289818422085285
0.009654727201576925
0.002675057548556828
0.08183835834350696
0.02382231530003464
0.010666129805091936
0.0066548061947955
0.08239329707059931
0.023907890975224073
0.01166471164186498
0.008824343173856294
0.07861234146738391
0.023899191871736208
0.01277806814286367
0.005304602059371235
0.08299787878644836
0.01677045664924393
0.014310799284606738
0.0043811147830230615
0.08013123367354859
0.01631180494335319
0.013282241428116097
0.005494704754412758
0.07857727350492609
0.01802677793578016
0.012725790678446898
0.008952128909877632
0.08064032997549737
0.014838687896436156
0.030352822899878378
0.012274842933485434
26.051864878219956
0.020993836075677067
0.015063324863648963
0.01139091514442225
0.07958111337196044
0.013447182860454274
0.02183494719375933
0.010817766424316845
0.08064480458591633
0.03184120984860327
0.013624069951560033
0.008735803726676147
0.08138119598293436
0.011215257235782029
0.03473291772694929
0.014484175441308452
0.08083512930593023
0.016620742308355307
0.028919184221804096
0.002461812898928519
26.164125839905086
0.0037044697781518352
0.015792458564104075
0.008287709664050184
0.07979040519165341
0.0031379259419147486
0.021398600776624668
0.004230600165080769
0.08249065486614006
0.008643542838459368
0.010821084094311578
0.006621023644491907
0.0798377422126762
0.010845079897387823
0.016878225488328416
0.005890440950485575
0.08271920760416647
0.005862573690536939
0.007551072015130472
0.0032374728654816064
0.08084819107882064
0.008668173442593142
0.010599329471718249
0.005946606582129292
0.08065726143612649
0.002348772935512187
0.01162968084167403
0.003867481495621423
0.08029217938147488
0.0040790144807334216
0.0070868380198054895
0.00504423207642916
0.07696967635392492
0.004819314123883264
0.011233435867370061
0.0019255176494165443
0.08024976187078607
0.004267531116165903
0.010330447363001854
18.03554802129038
0.08149702474754762
0.00499477047796854
0.007747596265186557
0.0028441211414230584
0.08042877512760739
0.0024689680002567232
0.012207052055444654
0.0031453182910626907
0.08169835097577753
0.002153031183745044
0.014868232896053204
0.0019671672183217315
0.08221188408065798
0.003213905414255488
0.013081522952175205
0.002916285001900144
0.08176734422768724
0.0069276762652696906
0.007830430103451047
0.0027547878061766795
0.08145080721415705
0.0013830202114316571
0.010334858465201883
0.004617758354977135
0.08027956656423152
0.005768826543811812
0.01001080801501615
0.0038878584695168526
0.08139108407484667
0.004903419958714023
0.00950272526976077
0.005083132198736823
