1.2142795
1.2149376
1.2149845
1.2149978
1.2149723
1.2149184
1.2148621
1.2148272
1.2148297
1.2148672
1.2149236
1.2149727
1.2149929
1.2149754
1.2149282
1.214873
1.2148341
1.214829
1.214859
1.2149107
1.2149606
1.2149864
1.2195811
1.1796938
1.3583487
1.2932098
1.263777
1.2637466
1.2637405
1.263761
1.2637979
1.2638342
1.2638533
1.2638469
1.2638164
1.2637764
1.2637441
1.2637329
1.2637479
1.2637811
1.2638175
1.2638401
1.2638386
1.2641907
1.2657523
1.2639098
1.2637991
1.2638
1.2638361
1.263894
1.2639499
1.2639817
1.2639782
1.2639434
1.2638962
1.2638601
1.2638534
1.2638816
1.2639333
1.2639885
1.2640243
1.2640278
1.2639993
1.2639551
1.2639167
1.2388632
1.2098252
0.8213781
0.7434945
0.74348545
0.74347806
0.7434758
0.7434801
0.7483059
0.80572975
0.8823775
0.93558013
0.24476004
0.24471985
0.24471718
0.24470463
0.24468648
0.24466953
0.24489167
0.26385206
0.80774593
0.16410953
0.16409525
0.16408762
0.16408986
0.16410118
0.29880005
0.2795659
0.23122033
0.25349396
0.29860556
0.29859242
0.29861468
0.29866198
0.29871225
0.29874307
0.32266614
0.38989004
0.29971784
0.2990196
0.298961
0.29892257
0.29892337
0.29896504
0.29903048
0.25582403
0.20690858
0.36171204
0.29879192
0.29870746
0.29869163
0.29875106
0.29885828
0.29732478
0.261639
0.23428953
0.22112131
0.24940413
-0.058259584
0.23675445
0.23667318
0.2366865
0.23678702
0.23692906
0.23704848
0.24082574
-0.043390095
-0.033239126
-0.033213627
-0.033254106
-0.033342138
-0.033438094
-0.033499304
-0.035371408
-0.049765885
-0.25762427
-0.35428524
-0.35430124
-0.3543052
-0.3542948
-0.3541695
-0.35419157
-0.3518636
-0.35130176
-0.35181534
-0.35410663
-0.35410875
-0.35408896
-0.3540556
-0.3540231
-0.35400528
-0.36443248
-0.39273047
-0.25697422
-0.354199
-0.35416993
-0.35414562
-0.35413662
-0.3541463
-0.3541674
-0.3461403
-0.4892572
-0.16049944
-0.16049239
-0.16048796
-0.16048813
-0.16049278
-0.15931728
-0.15321529
-0.16459118
-0.1605072
-0.16049322
-0.16048169
-0.16047773
-0.16048314
-0.16049531
-0.16085467
-0.16148007
-0.1604721
-0.16046107
-0.1604516
-0.16045393
-0.1604667
-0.1604838
-0.16034329
-0.1598511
-0.27219665
-0.26738504
-0.26736578
-0.2673509
-0.2673471
-0.26735607
-0.26697502
-0.26447776
-0.20761776
-0.26738346
-0.26738128
-0.26737812
-0.20337658
-0.20337665
-0.20507087
-0.2205625
-0.2035051
-0.20352803
-0.20352529
-0.20352091
-0.20351604
-0.20351194
-0.2066927
-0.2133868
-0.1595377
-0.14503585
-0.14502636
-0.14502344
-0.1450282
-0.14503834
-0.14504908
-0.1457997
-0.07670717
-0.042244554
-0.042244554
-0.042244554
-0.042244554
-0.042244554
-0.042244554
-0.042244554
-0.042244554
-0.042244554
0.05682821
-0.09604643
-0.09604957
-0.0960513
-0.09605086
-0.096048415
-0.09554355
-0.091546156
-0.11636838
-0.11442639
-0.11443181
-0.11443333
-0.11443036
-0.11442433
-0.114418045
-0.11859667
-0.11615409
-0.07431506
-0.07430893
-0.074307695
-0.07431193
-0.074319765
-0.07427535
-0.07416291
-0.07586007
-0.035348073
-0.05643599
-0.056419566
-0.05641026
-0.056412045
-0.056423817
-0.054974172
-0.05550914
-0.29113942
-0.14262187
-0.14261593
-0.14261167
-0.14261112
-0.14261472
-0.14262101
-0.14312619
-0.14456844
-0.14256737
-0.14255346
-0.14252773
-0.14252077
-0.14253446
-0.1425615
-0.14255027
-0.1413852
-0.13783881
-0.23545757
-0.25302365
-0.2530233
-0.2530231
-0.25302306
-0.2530233
-0.25302362
-0.2530059
-0.25290123
-0.5002763
-0.079453945
-0.07945433
-0.07944977
-0.07944381
-0.07944083
-0.079443544
-0.06741053
-0.037022173
-0.19656849
-0.07944921
-0.07941574
-0.07939723
-0.07940328
-0.07943267
-0.079473495
-0.08894569
-0.104944736
-1.496261
-1.1623693
-1.1624014
-1.1624415
-1.1624748
-1.1624899
-1.1624827
-1.1330295
-0.971443
-0.7306334
-0.73080283
-0.73089063
-0.7308574
-0.73071843
-0.7305359
-0.74428594
-1.0554435
-0.73070407
-0.7306371
-0.7305938
-0.73059595
-0.7306444
-0.73242253
-0.7617645
-0.804701
-1.2602677
-0.8597927
-0.85978746
-0.8597573
-0.85972095
-0.8596996
-0.85970736
-0.83514166
-0.7890787
-1.0129896
-0.5503527
-0.55034184
-0.55032706
-0.55031705
-0.5503184
-0.5599263
-0.5910616
-1.248267
-0.8599006
-0.85986996
-0.85981715
-0.8597722
-0.8597615
-0.87773526
-0.94829583
-0.5759388
-0.76724267
-0.7673909
-0.7675609
-0.7677304
-0.767877
-0.7737262
-0.81123435
-0.7399653
-0.7519131
-0.7512523
-0.75062096
-0.75008655
-0.7496748
-0.7722534
-0.82161427
-1.177872
-0.893401
-0.89344215
-0.89347124
-0.8934785
-0.8934635
-0.8934363
-0.8827846
-0.8834059
-1.2512603
-0.9285712
-0.9287619
-0.92890775
-0.9289503
-0.9288778
-0.86089087
-0.87964225
-0.90977
-0.8607805
-0.86063695
-0.86073333
-0.8610246
-0.8614309
-0.8617534
-0.8420007
-0.53222805
-0.129582
-0.12956844
-0.12957416
-0.12959544
-0.12962145
-0.12963942
-0.12744172
-0.12056492
-1.0626023
-0.47448128
-0.4744439
-0.47440857
-0.47439605
-0.47441685
-0.46520692
-0.42057097
-1.0591677
-0.47435024
-0.4743268
-0.47435224
-0.47441953
-0.47450346
-0.47457105
-0.44095454
-0.36705613
-0.73801136
-1.2934812
-1.2935679
-1.2936236
-1.2936212
-1.2935597
-1.2924027
-1.2629628
-0.87506115
-1.162991
-1.1628882
-1.162799
-1.1627607
-1.1627878
-1.1628653
-1.1584612
-1.1460555
-1.3956082
-1.2175694
-1.2175679
-1.2175606
-1.217552
-1.2175467
-1.2175487
-1.2149289
-1.9776334
-1.2237545
-1.2237502
-1.2237418
-1.2237339
-1.2237313
-1.223736
-1.2164688
-1.7115514
-1.2094463
-1.2094283
-1.2094162
-1.2094162
-1.209429
-1.2233015
-1.2139026
-1.2007395
-1.944916
-1.223751
-1.2237362
-1.2237213
-1.2237136
-1.2237178
-1.2237327
-1.2214139
-1.2189443
-2.1334221
-1.14702
-1.1470006
-1.1469853
-1.1469823
-1.1446621
-1.1446848
-1.136831
-1.0914493
-1.2072327
-1.1463171
-1.1463972
-1.1462895
-1.1462617
-1.1463187
-1.1464276
-1.1459701
-1.1397
-0.68617225
-1.1444845
-1.1445035
-1.1445246
-1.1445371
-1.1445341
-1.1445158
-1.142873
-1.1367391
-1.2837999
-0.92136484
-0.9213194
-0.9212952
-0.92130536
-0.9213475
-0.92140484
-0.9214543
-0.9322766
-0.9677201
-0.97953284
-0.64050186
-0.64037186
-0.64026856
-0.6402455
-0.64032066
-0.6404669
-0.65664345
-0.6919259
-0.92385656
-0.48686564
-0.48685718
-0.48685867
-0.48687235
-0.48689532
-0.48692027
-0.487543
-0.47802857
-1.7045628
-0.9572761
-0.95731455
-0.9573681
-0.95741946
-0.9574526
-0.9574598
-0.9606848
-0.9660594
-1.4920435
-0.94914854
-0.9490516
-0.94897485
-0.94895947
-0.94901854
-0.94913244
-0.96456444
-2.2996926
-1.3862065
-1.3861855
-1.3861691
-1.3861662
-1.3861793
-1.3862041
-1.3865895
-1.3861358
-0.8897356
-1.0247948
-1.0248141
-1.0248148
-1.0247875
-1.0247357
-1.0246739
-1.0171285
-1.004384
-1.0305755
-1.0292871
-1.0292177
-1.0292071
-1.0293276
-1.0295925
-1.0288814
-1.0134392
-2.1180024
-1.0414103
-1.0413032
-1.0412838
-1.0413651
-1.0415142
-1.0416688
-1.0476624
-1.0665749
-1.0789584
-1.6052313
-1.3526661
-1.352732
-1.3527617
-1.3527527
-1.3527167
-1.3515027
-1.3360667
-2.3761075
-1.087038
-1.0869796
-1.0869327
-1.0869267
-1.0869728
-1.0885113
-1.0963597
-1.7733209
-0.78127515
-0.781229
-0.78121376
-0.78124595
-0.7813217
-0.7706238
-0.7347223
-0.6894976
-1.168791
-0.78132915
-0.7814654
-0.781458
-0.7813158
-0.78110707
-0.78092945
-0.7702834
-0.76106095
-0.7250569
-1.5305281
-0.8951906
-0.8950267
-0.89495456
-0.89501566
-0.8951913
-0.89541215
-0.8884414
-0.8741802
-0.20387928
-0.845768
-0.8458452
-0.84589183
-0.84587675
-0.8457972
-0.8456783
-0.7678126
-0.60980046
-0.86325604
-0.86334336
-0.86327785
-0.8630829
-0.86283904
-0.8626484
-0.861025
-0.8582169
-1.9173846
-1.3333124
-1.3331236
-1.3329855
-1.332969
-1.3330876
-1.3332976
-1.3390979
-1.9173846
-1.3333287
-1.3333812
-1.3334047
-1.3333994
-1.3333793
-1.3356028
-1.3375536
-0.08953202
-1.1054342
-1.1055188
-1.1055083
-1.1053933
-1.1052104
-1.1050272
-1.1065497
-2.3274977
-1.3293171
-1.3293575
-1.3293931
-1.3294196
-1.329437
-1.3294487
-1.3396819
-1.4281511
-1.0296556
-1.0296248
-1.0296601
-1.0297519
-1.0298661
-1.0299582
-1.0257968
-1.0219353
-1.7634871
-1.0296534
-1.0295836
-1.0295427
-1.0295534
-1.0296159
-1.0312176
-1.0459713
-1.0268786
-1.6548176
-1.6547923
-1.6548319
-1.6548734
-1.6548543
-1.6547399
-1.6601124
-1.6577413
-1.5515928
-1.9423382
-1.3247647
-1.3248178
-1.3248526
-1.3248622
-1.3248506
-1.324831
-1.3152463
-1.3092105
-2.7317424
-1.658324
-1.6583385
-1.6583469
-1.6583581
-1.6583786
-1.6641355
-0.13961366
-0.93662995
-0.9366222
-0.93662775
-0.9366378
-0.9366416
-0.936434
-0.9330871
-1.699965
-0.9373549
-0.93737346
-0.93739086
-0.9374051
-0.93741566
-0.93584585
-0.9373969
-2.4206815
-1.0881275
-0.9097441
-0.9097936
-0.9098376
-0.90986216
-0.9057555
-1.0730451
-2.186338
-0.8219475
-0.8218789
-0.82187855
-1.0002904
-1.0003664
-1.0004437
-1.0002065
-0.99899256
-1.7192814
-0.941079
-0.9412812
-0.94139135
-0.9413707
-0.94123864
-0.94106376
-0.9372128
-0.92849076
-1.8776023
-1.2212863
-1.2213398
-1.2213597
-1.2213422
-1.2213004
-1.2212574
-1.2219096
-1.9919028
-1.2213376
-1.2213767
-1.221389
-1.2213752
-1.2213469
-1.221323
-1.2213192
-1.2213422
-1.2213871
-1.2214389
-1.2214794
-1.2214959
-1.2214866
-1.2214606
-1.2214352
-1.2214261
-1.2214425
-1.2214
-1.9096608
-1.0055648
-1.0056642
-1.0057207
-1.0057186
-1.005668
-1.0056013
-1.0057962
-1.0007565
-1.0025655
-1.0024468
-1.0023334
-1.0022292
-1.0021342
-1.0017568
-1.0015646
-0.15889809
-0.7657775
-0.7658212
-0.76582944
-0.76579076
-0.7657152
-0.7656287
-0.7728249
-0.782347
