1.0053463
0.96881527
0.96880955
0.96883196
0.9688731
0.9689141
0.96893686
0.9689312
0.96890056
0.9688587
0.9688245
0.9688132
0.96883005
0.9688667
0.9689071
0.9689331
0.96893334
0.96890837
0.96886945
0.96883416
0.96881866
0.9688294
0.960111
0.9455365
1.0048516
1.4255068
0.34402248
0.34399626
0.34398746
0.34399974
0.34402743
0.34405753
0.34407675
0.34407645
0.3440568
0.34402674
0.34399962
0.34398752
0.34399545
0.34401947
0.3440488
0.34407002
0.34407362
0.34527144
0.3526833
0.3442288
0.34414023
0.34411946
0.34412175
0.3441464
0.3441829
0.34421548
0.3442304
0.34422174
0.3441943
0.34416115
0.34413776
0.3441351
0.34415475
0.3441882
0.34422106
0.34423926
0.34423536
0.34421203
0.3441805
0.33394474
0.31043807
0.35287753
0.3440639
0.34404486
0.34403676
0.34404278
0.3440599
0.34491748
0.3575188
0.36508825
0.37611547
0.23779704
0.14161654
0.14161682
0.14162469
0.14163685
0.14164814
0.1420304
0.13673162
0.24796808
0.14161427
0.14160924
0.14160676
0.14160773
0.14161168
0.19691446
0.1951077
0.19231397
0.20574246
0.1968992
0.19685578
0.19685546
0.19689761
0.1969633
0.19702289
0.18522304
0.16212574
0.19677919
-0.15629488
-0.1562996
-0.1563019
-0.15630195
-0.15630107
-0.15630084
-0.1548931
-0.14674506
-0.14705771
-0.15626563
-0.15625629
-0.15625174
-0.15625405
-0.1562623
-0.15654396
-0.16203955
-0.16695222
-0.16635014
-0.16617048
-0.16178232
-0.11306155
-0.11301829
-0.11301094
-0.11304267
-0.11309911
-0.1131551
-0.1195752
-0.116385385
-0.36889485
-0.3688889
-0.36892214
-0.36897916
-0.36903417
-0.36906254
-0.35574275
-0.34880474
-0.29743287
-0.3687891
-0.3688603
-0.36888453
-0.36885175
-0.3027183
-0.3026644
-0.30813128
-0.33425805
-0.36751962
-0.16479626
-0.16478634
-0.16480517
-0.16484383
-0.16488495
-0.1649101
-0.17269816
-0.19936526
-0.18110152
-0.057178747
-0.057195883
-0.05721518
-0.057228886
-0.057231907
-0.06714402
-0.10274381
-0.0165774
-0.057090662
-0.057106398
-0.057116285
-0.05711523
-0.057103056
-0.06419331
-0.09903133
-0.016618542
-0.36299396
-0.3630106
-0.36301696
-0.36301047
-0.3629945
-0.36297655
-0.35972363
-0.35134453
-0.36266994
-0.3628466
-0.36283815
-0.36284265
-0.3628565
-0.3628719
-0.36220598
-0.36123618
-0.4715004
-0.3629793
-0.36296958
-0.362965
-0.3629676
-0.36297637
-0.3630433
-0.3634587
-0.539997
-0.28374672
-0.28367263
-0.2836437
-0.5909593
-0.59114295
-0.5999943
-0.6948018
-0.58720565
-0.5885295
-0.58848786
-0.5883054
-0.58804494
-0.5878025
-0.60018
-0.66377044
-0.58356464
-0.43658632
-0.43658507
-0.43658382
-0.4365831
-0.43658346
-0.436585
-0.44217956
-1.543977
-0.9949057
-0.99467367
-0.9945451
-0.9945786
-0.9947608
-0.9956889
-1.0094535
-1.0345093
-1.07446
-1.1302924
-0.8245628
-0.8245491
-0.8245337
-0.824525
-0.8245286
-0.8265356
-0.8283609
-0.9927265
-0.63124526
-0.6312237
-0.6312111
-0.63121325
-0.63122916
-0.6312517
-0.6264479
-1.0549045
-0.6312521
-0.63124937
-0.63124335
-0.6312371
-0.63123345
-0.6313896
-0.640593
-0.67494816
-0.2800845
-0.6033507
-0.6033126
-0.6032917
-0.60329354
-0.60331327
-0.5861316
-0.54312503
-1.0638961
-0.57386035
-0.5738596
-0.5738483
-0.57383335
-0.5738232
-0.5738238
-0.57540065
-0.58401656
-0.57280624
-0.5730895
-0.57290304
-0.5728412
-0.5729218
-0.5730991
-0.573146
-0.5699526
-0.56478715
-0.49982643
-0.54285747
-0.5428478
-0.5428314
-0.5428141
-0.542802
-0.5427988
-0.5284555
-0.48217767
-0.40101683
-0.29090104
-0.29091
-0.2909121
-0.2909072
-0.29089835
-0.29089034
-0.285615
-0.27440414
-0.8183682
-0.6374099
-0.6373122
-0.63725406
-0.63726294
-0.6373359
-0.6374414
-0.65918803
-0.6980885
0.65627205
0.25226176
0.2523792
0.25246683
0.2524888
0.25243914
0.25234383
0.2573818
-0.8615678
-1.0604883
-1.0608044
-1.0609616
-1.0608896
-1.0606213
-1.0602762
-1.1139181
-1.4322195
-1.0589781
-1.058816
-1.0587316
-1.0587659
-1.0589061
-1.0617187
-1.1097534
-1.2018858
-1.3291649
-1.194551
-1.1945635
-1.194557
-1.1945372
-1.1945158
-1.1945053
-1.1767074
-1.183148
-1.3394498
-1.1726612
-1.1726476
-1.1726358
-1.1726333
-1.1726434
-1.1940289
-1.2507572
-1.2799602
-1.1423365
-1.1423204
-1.1422911
-1.142265
-1.1422579
-1.1581215
-1.203526
-1.2038635
-1.1752243
-1.1753712
-1.1755103
-1.175622
-1.1756989
-1.1808856
-1.2118576
-1.1449718
-1.1612685
-1.1607337
-1.1601822
-1.1596669
-1.1592256
-1.168292
-1.2077758
-1.1192884
-0.8881014
-0.8881328
-0.8881584
-0.8881687
-0.8881611
-0.88814145
-0.8803364
-0.87979037
-1.1341999
-1.0030464
-1.0031316
-1.0031896
-1.0031967
-1.0031528
-1.0356607
-1.0486348
-1.079638
-1.0355678
-1.0354826
-1.035502
-1.0356165
-1.0357745
-1.0359057
-1.0130666
-0.8884749
-1.6535014
-1.6535174
-1.6535411
-1.6535584
-1.6535581
-1.6535375
-1.6173781
-1.5513585
-1.7759837
-1.5439869
-1.5439942
-1.5440029
-1.5440124
-1.5440221
-1.5418634
-1.527731
-1.2750561
-0.8836272
-0.88362455
-0.8836279
-0.8836371
-0.8836487
-0.88365877
-0.87977487
-0.8705089
-0.9112828
-1.2072716
-1.2073474
-1.2074249
-1.2074661
-1.2074497
-1.20822
-1.2261865
-0.35945225
-1.3188686
-1.318673
-1.3185085
-1.3184437
-1.318502
-1.3186517
-1.3328198
-1.3672825
-1.7795115
-1.1799322
-1.1799693
-1.1799927
-1.1799946
-1.1799768
-1.1799499
-1.1804698
-1.8708265
-1.3810637
-1.381068
-1.3810732
-1.3810781
-1.3810812
-1.381082
-1.3671672
-1.918153
-1.4368998
-1.4367566
-1.4367244
-1.436822
-1.4370109
-1.4433283
-1.4460005
-1.4413332
-2.0009224
-1.4428093
-1.4428227
-1.442799
-1.4427569
-1.4427226
-1.4427191
-1.4452399
-1.442921
-1.9865574
-1.442719
-1.4425647
-1.4424665
-1.4424745
-1.4369165
-1.4370803
-1.407048
-1.3642212
-1.4734126
-1.438458
-1.4400831
-1.4397908
-1.4396958
-1.4398067
-1.4400406
-1.4376476
-1.3958762
0.0024522692
-1.2643874
-1.2644243
-1.2644514
-1.2644538
-1.2644284
-1.2643845
-1.2583439
-1.2426823
-2.2364469
-0.78757995
-0.7875217
-0.7875618
-0.7876938
-0.787871
-0.7880266
-0.78810334
-0.7169243
-0.51775277
-2.2211318
-0.55095744
-0.55088705
-0.5508125
-0.55077654
-0.5508045
-0.5508927
-0.546631
-0.54589117
-2.3074653
-0.46958107
-0.4695387
-0.46952748
-0.46955633
-0.4696172
-0.46968746
-0.47114557
-0.46042067
-2.048557
-1.029778
-1.0296717
-1.029651
-1.0297334
-1.0298891
-1.0300561
-0.9759371
-0.8894264
-2.4163942
-0.6794915
-0.67942667
-0.679391
-0.6794096
-0.6794838
-0.67958915
-0.66615665
-1.6288768
-0.18831423
-0.18829362
-0.18828098
-0.18828292
-0.18829943
-0.18832405
-0.18553185
-0.17988025
-0.24059963
-0.7685286
-0.7686604
-0.76864886
-0.7684847
-0.76822746
-0.767977
-0.7969252
-0.83448195
-0.7813717
-0.96468204
-0.96471226
-0.96491027
-0.96530104
-0.96582204
-0.96843624
-1.0074394
-2.2185266
-1.4118959
-1.4118639
-1.4118634
-1.4118981
-1.4119558
-1.4120153
-1.4207277
-1.4444212
-1.4461185
-2.1238265
-1.4121894
-1.4121362
-1.4121069
-1.4121175
-1.4121658
-1.4122224
-1.4225638
-2.3124456
-1.1527728
-1.152804
-1.1528131
-1.1527988
-1.1527703
-1.1525382
-1.145197
-2.4314532
-1.0736825
-1.0736802
-1.0736786
-1.073679
-1.0736814
-1.0731273
-1.0724452
-1.0723081
-1.1711748
-1.0827669
-1.0827802
-1.082702
-1.0825698
-1.0824444
-1.0823829
-1.070921
-1.0302916
-1.3340548
-2.095239
-0.790599
-0.7905737
-0.7905487
-0.7905419
-0.79056287
-0.7906085
-0.77239835
-0.72853184
0.15898031
-0.86342025
-0.8634145
-0.86340547
-0.8633903
-0.86336935
-0.86334574
-0.7979975
-0.45221055
-0.75268036
-0.75271994
-0.75263715
-0.75246155
-0.75226396
-0.7521243
-0.74939704
-0.74308246
-2.3322437
-1.0870421
-1.0869153
-1.0868008
-1.0867596
-1.0868181
-1.086959
-1.0899769
-2.5101967
-1.0870383
-1.0870306
-1.0870372
-1.0870667
-1.0871172
-1.0856993
-1.0590706
0.1800561
-1.0135951
-1.0135642
-1.013513
-1.0134497
-1.0133872
-1.0133382
-1.010537
-2.40801
-1.5254924
-1.5255282
-1.5255282
-1.5255065
-1.5254858
-1.5254877
-1.5218346
-1.602439
-1.358747
-1.358747
-1.358747
-1.358747
-1.358747
-1.358747
-1.358747
-1.358747
-1.358747
-1.358747
-1.358747
-1.358747
-1.358747
-1.358747
-1.358747
-1.358747
-1.358747
-1.358747
-1.358747
-1.358747
-1.358747
-1.358747
-1.358747
-1.358747
-1.358747
-1.358747
-1.358747
-0.14068413
-0.1407552
-0.14083439
-0.14089637
-0.14092332
-0.14091176
-0.114232376
-0.03465969
-1.4198288
-1.4198288
-1.4198288
-1.4198288
-1.4198288
-1.4198288
-1.4198288
1.5381962
-1.1726129
-1.1726129
-1.1726129
-1.1726129
-1.1726129
-1.1721654
-1.1558055
-1.1726129
-1.1726129
-1.1726129
-1.1726129
-1.1726129
-1.1726129
-1.1718283
-1.1547439
-1.1726129
-1.1726129
-0.08739081
-0.08753133
-0.0876174
-0.0876213
-0.062856495
-1.159849
-1.1494824
-0.18217577
-0.18206726
-0.18206236
-1.1494824
-1.1494824
-1.1494824
-1.1410896
-1.0346751
-1.4527023
-0.47165143
-0.47196382
-0.47203818
-0.47185695
-0.4715178
-0.47118586
-0.51029587
-0.5983416
-1.4312748
-1.3769845
-1.3769845
-1.3769845
-1.3769845
-1.3769845
-1.3769845
-1.3769845
-1.4312764
-0.84549695
-0.8458193
-0.8459068
-0.84574544
-0.84542656
-0.84511673
-0.8449724
-0.84507537
-0.8453962
-0.8458086
-0.8461454
-0.84627604
-0.84616345
-0.84587693
-0.84556574
-0.84538543
-0.84543276
-0.8518433
-1.4956785
-0.41328728
-0.41338074
-0.41342396
-0.41340393
-0.41333568
-0.41325557
-0.4094558
-0.4074812
-0.40999013
-0.4098692
-0.40979883
-0.40978047
-0.40979254
-0.41001976
-0.39998758
0.25379285
-0.41261423
-0.41261184
-0.41260415
-0.41258946
-0.41256917
-0.4125474
-0.39758196
-0.38447317
0.0910162
-0.6028141
-0.6029155
-0.602916
-0.60281086
-0.60264283
-0.6024821
-0.60598224
-0.6118225
-0.62071776
-0.60760754
-0.605091
-0.6051154
-0.6051675
-0.6052599
-0.60538566
-0.60552377
-0.60281014
-0.5925899
-0.79899335
-0.8076221
-0.80733633
-0.80705184
-0.80677605
-0.806514
-0.8062656
-0.805536
-2.0517805
-0.81483066
-0.8148396
-0.81484854
-0.8148558
-0.8148605
-0.8148631
-0.81318766
-0.8079764
-1.9438055
-0.7805968
-0.7806624
-0.7807231
-0.7807572
-0.7807565
-0.7819252
-0.7937509
-1.2213665
-0.5436081
-0.5436053
-0.54360116
-0.5435997
-0.54360384
-0.54361415
-0.54559606
-0.5531019
-2.0872605
-0.45400286
-0.4540712
-0.45411012
-0.45410606
-0.45406437
-0.45400736
-0.46185726
-0.4717672
-2.2034752
-0.7747537
-0.7747096
-0.7747367
-0.77482593
-0.7749411
-0.96385336
-0.9494076
-2.3169045
-0.3342356
-0.33436242
-0.33448833
-0.33456248
-0.33455652
-0.3350691
-0.33298975
-2.3169045
-0.35262272
-0.35258418
-0.35259518
-0.35265353
-0.352736
-0.35280916
-0.3577551
-0.36799794
-0.32125273
-1.2485546
-1.2485545
-1.2485638
-1.2485752
-1.2485803
-1.248573
-1.2485538
-1.241812
-2.671995
-1.5345299
-1.5347276
-1.5348003
-1.534729
-1.534559
-1.5343778
-1.2426028
-1.2239213
-1.3181555
-1.5262086
-1.5308018
-1.5304897
-1.5302343
-1.5300901
-1.5300629
-1.5301077
-1.477561
-1.3625433
-0.19380376
-1.2307127
-1.2306966
-1.2306887
-1.2306877
-1.2306887
-1.2306862
-1.2306762
-1.2207925
-1.207936
-1.2364779
-1.233161
-1.2332288
-1.233301
-1.2333792
-1.2334621
-1.2335457
-1.2340468
-1.2401233
-1.1347837
-2.3144433
-1.10146
-1.1015598
-1.101635
-1.1016575
-1.1016232
-1.1015533
-1.1056426
-1.119459
-1.1414282
-2.5701714
-1.1931522
-1.1932638
-1.1933119
-1.1932815
-1.1931913
-1.193088
-1.1979318
-1.2083733
-1.1897275
-1.210611
-1.2105427
-1.210465
-1.2103939
-1.2103422
-1.2103142
-1.2103043
-1.2041688
-1.1949565
-1.2328289
-1.2200344
-1.2203182
-1.2206414
-1.2210003
-1.2213728
-1.2217312
-1.214591
-1.1974214
-2.5004027
-1.04652
-1.04654
-1.0465356
-1.0465149
-1.0464928
-1.046485
-1.0367925
-1.0173367
-0.31482857
-1.045886
-1.0458868
-1.0458968
-1.0459089
-1.0459139
-1.0459063
-1.0438485
-1.0387533
0.2939896
-1.0457454
-1.0457458
-1.0457532
-1.0457581
-1.0457525
-1.0457339
-1.0472865
-1.0640976
-1.0779078
0.29483294
-1.0009776
-1.0009594
-1.0009428
-1.0009291
-1.0009178
-1.0009077
-0.9987252
-1.8321521
-0.89433795
-0.89456207
-0.8946567
-0.8945874
-0.89439255
-0.82070553
-0.8166512
-0.80742776
-1.8321521
-0.8945437
-0.89464056
-0.8945995
-0.89444625
-0.8207971
-0.8206638
-0.8189454
-0.8155738
-2.0398827
-1.0193231
-1.0193
-1.0193013
-1.0193325
-1.0193864
-1.0194459
-1.0194905
-1.0191308
-1.0178254
-1.0167198
-2.113753
-1.1701789
-1.1700075
-1.1699793
-1.1701111
-1.1703479
-1.1705885
-1.1706126
-1.1755452
-1.1957773
-1.2329612
-2.0920122
-1.1702783
-1.1701578
-1.1701136
-1.1701703
-1.170307
-1.076158
-1.0762765
-1.0765138
-1.0766978
-1.1816928
-1.0086968
-1.0086538
-1.0086517
-1.0086887
-1.0087465
-1.008797
-1.013866
-1.0268332
-1.0093656
-1.0094426
-1.0094306
-1.0094249
-1.0094404
-1.009483
-1.009546
-1.0077183
-1.0048406
-1.0041894
-1.0040469
-1.0038548
-1.0036128
-1.0033442
-1.0030847
-1.0028665
-1.0087185
-1.9493821
-0.9126747
-1.0092044
-1.0090127
-1.0089322
-1.0090042
-1.0092006
-1.0106463
-0.91621584
0.6197243
-0.06888026
-0.06896794
-0.069045424
-0.069071114
-0.06902832
-0.068930626
-0.06881547
-0.10825762
-0.16064787
0.6906847
0.015481591
0.015454948
0.015442073
0.015451431
0.015480995
0.015519798
0.01997292
0.044484317
-1.6232467
-0.9964014
-0.99637556
-0.9963784
-0.9964127
-0.99646705
-0.9965211
-0.99655485
-0.98393154
-0.9383326
-1.8701196
-0.9964398
-0.99635106
-0.9963301
-0.99639183
-0.9965129
-0.99664456
-0.98490953
-2.4643338
-0.80212146
-0.802096
-0.8020706
-0.80206144
-0.8020772
-0.80211467
-0.80216175
-0.7888123
-0.7659138
-2.4397535
-0.94395953
-0.9436679
-0.9435453
-1.093785
-1.0939611
-1.0941738
-1.0943317
-1.0921199
-1.0815024
-2.5283134
-0.8584786
-0.8585733
-0.85856354
-0.85845965
-0.858315
-0.858199
-0.71299183
-0.69998324
-2.5066552
-0.8583668
-0.858436
-0.8583816
-0.8582365
-0.71692586
-0.7168515
-0.7168596
-0.7276559
-2.5063927
-1.2197019
-1.2194879
-1.2192948
-1.2192159
-1.2192928
-1.2194967
-1.2176299
0.20313156
-1.0401921
-1.0401118
-1.0400583
-1.0400499
-1.0400844
-1.0401382
-1.0426595
-1.0657725
-2.3010151
-0.84729683
-0.8474271
-0.8475944
-0.8477266
-0.8477682
-0.84770477
-0.8545153
-0.85684013
-2.4439332
-0.7713089
-0.7713675
-0.77137697
-0.7713386
-0.7712743
-0.8873117
-0.88653326
-0.85245126
-0.79373574
-2.4439332
-0.7712468
-0.77133375
-0.77139676
-0.7714124
-0.77137893
-0.77131677
-0.75242615
-0.71033156
-0.6717807
-0.7672664
-0.9075547
-0.90749663
-0.9074422
-0.907394
-0.9073534
-0.90731734
-0.8935938
-0.8519647
-2.439758
-0.9089396
-0.90898037
-0.9090029
-0.9089997
-0.9089751
-0.90894294
-0.8943875
-0.84219915
-2.439758
-0.99892104
-0.998926
-0.99899197
-0.9990934
-0.99918854
-0.99923897
-1.0015241
-1.0009695
-0.9969192
-0.99842715
-0.9985243
-0.998512
-0.9983802
-0.99817145
-0.9979636
-1.026049
-1.0909392
-1.8364305
-0.61908215
-0.61917216
-0.6191881
-0.61912894
-0.61902845
-0.7175857
-0.71755105
-0.70323455
0.3132133
-0.6182296
-0.6182494
-0.61825794
-0.6182449
-0.6182103
-0.6181637
-0.62811905
-0.65095174
-2.1271303
-0.6190083
-0.61914
-0.6191741
-0.7177498
-0.71760905
-0.71746886
-0.7163743
-0.7025141
0.104899645
-1.076291
-1.0761533
-1.0760328
-1.0759784
-1.0760092
-1.0761058
-1.0772179
-1.0843537
-2.3535883
-1.2613795
-1.2612007
-1.2610719
-1.2610543
-1.2611591
-1.2613425
-1.2660959
-1.2758019
-1.330656
-1.3323243
-1.3321812
-1.3321221
-1.3321514
-1.3322349
-1.3323143
-1.3323338
-1.3489153
-2.550927
-1.2602718
-1.260324
-1.2603343
-1.2603054
-1.2602556
-1.2602136
-1.2440503
-1.0433183
-1.045795
-1.0457373
-1.045649
-1.045543
-1.045441
-1.0453624
-1.0601943
0.17180544
-1.0472246
-1.0471425
-1.0470995
-1.0471075
-1.0471575
-1.0486481
-1.0774682
-2.5314958
-0.9170262
-0.9171586
-0.91721976
-0.9171866
-0.9170791
-0.91694987
-0.9238102
-0.9383143
-1.7231297
-0.83828866
-0.8383424
-0.8383783
-0.8383829
-0.8383566
-0.83831394
-0.83252716
-1.550613
-1.0753057
-1.0753393
-1.0754083
-1.0754857
-1.0755427
-1.075559
-1.082955
-2.585676
-1.0753465
-1.0753924
-1.0754712
-1.0755528
-1.0756075
-1.0756164
-1.0809215
-1.0889242
-2.6092572
-0.9809946
-0.98099065
-0.9809967
-0.98101556
-0.98104453
-0.98107636
-0.96742654
-0.9375105
-2.6092572
-0.83926487
-0.8392397
-0.8392147
-0.839209
-0.8392328
-0.84173787
-0.8609419
-2.546991
-0.8390825
-0.83908474
-0.8391029
-0.8391346
-0.83917177
-0.8392031
-0.8530481
-1.3657726
-1.1807456
-1.1807374
-1.1807456
-1.180769
-1.1808002
-1.1808274
-1.1932061
-1.2216494
-2.528511
-0.9750494
-0.9747764
-0.9746164
-0.97464573
-0.9748548
-1.0273154
-1.0181153
-2.4705846
-0.8541965
-0.8541645
-0.8541209
-0.8540908
-0.85409194
-0.8546628
-0.87020946
-0.89331204
0.06451398
-0.915681
-0.998539
-0.99868727
-0.9986769
-0.9985044
-0.99823844
-0.9785085
-0.9375278
-0.92327964
-0.9192971
-0.9194771
-0.9196217
-0.91971815
-0.9197743
-0.919816
-0.93567777
-0.9723482
-2.7056146
-0.91659886
-0.9165703
-0.9165415
-0.9165327
-0.91655314
-0.91660005
-0.9366925
-2.5924742
-1.0611963
-1.0612143
-1.0612093
-1.061188
-1.0611644
-1.0611527
-1.0571858
-1.0437165
-1.058137
-1.0597352
-1.0596724
-1.059573
-1.0594617
-1.0593686
-1.059316
-1.0728533
-1.0815839
-1.0697491
-1.0700915
-1.0704199
-1.0707358
-1.0710441
-1.0713519
-1.068149
-1.055096
-2.5453248
-1.0820701
-1.0821427
-1.0821894
-1.0821946
-1.0821601
-1.0821066
-1.0734093
-1.0456388
-1.078575
-1.0803604
-1.0803435
-1.0803368
-1.0803206
-1.0802795
-1.0793955
-1.0559149
-2.5453248
-1.0823666
-1.0823619
-1.0823408
-1.0823194
-1.0823135
-1.0823318
-1.0975664
-1.1269356
-1.1465409
-1.0763991
-1.0537131
-1.0536397
-1.053524
-1.0533786
-1.0532283
-1.0531007
-1.0722649
-1.0981114
-1.0729616
-1.0735605
-1.0741856
-1.0748425
-1.0755204
-1.076195
-1.079416
-2.0094266
-1.0565407
-1.0565696
-1.0566087
-1.0566511
-1.0566893
-1.0661767
-1.0833519
-2.1556892
-1.0601773
-1.0601403
-1.0601456
-1.0601983
-1.0602831
-1.0603701
-1.0651598
-1.0760943
-2.7046192
-1.0603048
-1.0603503
-1.0603826
-1.0603936
-1.0603851
-1.0614364
-1.0790303
-2.7046192
-1.0602278
-1.0603023
-1.0603569
-1.0603726
-1.0603483
-1.0603
-1.0516975
-1.0301137
-2.7204201
-1.1472843
-1.1474826
-1.1476872
-1.1478122
-1.1478096
-1.147688
-1.1574805
-1.1779308
-2.1880794
-1.1697049
-1.1697154
-1.1696454
-1.1695313
-1.16943
-1.1693907
-1.1587081
-0.29515064
-1.0237652
-1.0237352
-1.0237929
-1.0239012
-1.0240012
-1.0240383
-1.0356438
-2.8101301
-1.0249493
-1.0249014
-1.0249014
-1.0249543
-1.0250423
-1.0251315
-1.0325613
-1.0447018
-2.8101301
-1.0468597
-1.0468314
-1.0468326
-1.0468707
-1.046936
-1.0480355
-1.0639532
-2.6095986
-1.1450803
-1.1453009
-1.1453633
-1.1452458
-1.1450076
-1.1447614
-1.1446502
-1.131253
-1.1384565
-1.2412921
-1.2412366
-1.2411774
-1.2411218
-1.2410754
-1.2410402
-1.2435051
-1.242136
-1.2620317
-1.2510741
-1.2514325
-1.251765
-1.2520679
-1.2523489
-1.2526239
-1.2595645
-2.660027
-1.2431602
-1.2429686
-1.2429125
-1.2430214
-1.2432494
-1.2429864
-1.2336524
-1.2022322
-2.660027
-1.1043317
-1.1043038
-1.1042793
-1.1042743
-1.1042963
-1.1043406
-1.109427
-1.1130866
0.17941046
-1.1099504
-1.1098189
-1.1096888
-1.1096132
-1.1096202
-1.1097012
-1.1121488
-1.1124277
-2.7940142
-1.084691
-1.084753
-1.0847709
-1.0847431
-1.0846884
-1.0846372
-1.09747
-1.1380147
-2.7940142
-0.99461806
-0.99456453
-0.99454105
-0.99456334
-0.9946265
-0.9947078
-1.0069417
-1.0409409
0.24615861
-0.99387765
-0.9938617
-0.99385315
-0.99384993
-0.993847
-0.99383974
-1.00053
-1.5362151
-0.99479234
-0.9948592
-0.99487174
-0.99483085
-0.99476016
-0.99469745
-0.9781774
-2.7167947
-0.99460936
-0.9946499
-0.9946899
-0.9947177
-0.9947275
-0.9965563
-1.0027297
-0.98977596
-1.1379676
-1.1378406
-1.1377757
-1.1377661
-1.1377826
-1.137783
-1.1472582
-1.1686685
-2.8212118
-1.1404624
-1.1405237
-1.1405818
-1.1406169
-1.1406207
-1.140598
-1.1289454
-1.0986831
-2.8212118
-0.96332943
-0.9635111
-0.9635471
-0.9634289
-0.9632168
-0.9649905
-0.9692749
-0.9726322
0.8661103
0.71014017
0.7102032
0.7102335
0.71021736
0.71016115
0.71008956
0.71003395
0.7100178
0.7100474
0.7101076
0.7101706
0.7102075
0.710201
0.7101539
0.71008664
0.7100288
0.710005
0.71002483
0.71007824
0.7101401
0.71018195
0.7101846
0.7133682
0.45206627
0.42773688
0.42776328
0.42777812
0.4277758
0.42775708
0.42773095
0.427709
0.42770123
0.4277113
0.4277341
0.42775983
0.42777678
0.42777783
0.42776272
0.42773828
0.4277159
0.42770547
0.4277116
0.4277314
0.42775598
0.42777458
0.4230262
0.38957798
-0.2975368
-0.26589978
-0.2659095
-0.265917
-0.26591924
-0.26591498
-0.27313694
0.4314827
0.42894253
0.310288
0.3102964
0.3102883
0.31026754
0.31024376
0.3114409
0.30870107
0.32326314
0.32510683
0.32502723
0.32500777
0.3250567
0.3251516
0.32524994
0.32530788
0.3298627
0.32349214
0.0046027284
0.011265139
0.105044805
0.10502914
0.10497654
0.10490935
0.10485625
0.10010878
0.08859562
0.043914318
0.092525676
0.092499405
0.092469186
0.092448786
0.092447296
0.09246558
0.095044255
0.10695051
0.055833764
0.09311348
0.09317288
0.093185425
0.09314521
0.0930706
0.09299433
0.0940879
-0.47439343
-0.47657043
-0.4765761
-0.47657496
-0.47656757
-0.47655725
-0.4765489
-0.46792364
-0.44908285
0.058263145
0.057296358
0.057271905
0.05726769
0.05728566
0.057317905
0.05735024
0.061499722
0.056069814
-0.27691495
-0.28183627
-0.28183034
-0.28182533
-0.28182343
-0.28182536
-0.2818302
-0.2841379
-0.28964284
-0.1785259
-0.17702517
-0.17697924
-0.17694725
-0.17694439
-0.17697304
-0.15220651
-0.09958962
0.25249723
0.21065232
0.2106376
0.21061087
0.21058437
0.21057042
0.21057555
0.20859239
0.19655943
0.029336527
0.036368072
0.036359683
0.03637071
0.03639619
0.03642489
0.036444247
0.03582287
0.029436737
-0.25856826
-0.2573095
-0.25733507
-0.25737005
-0.2573976
-0.25740427
-0.25738603
-0.25718257
-0.25885236
0.074956
0.008011557
0.007966116
0.007934317
0.007930607
0.007956743
0.008001201
0.009172045
-0.0030002147
-0.30234718
-0.25673547
-0.25669664
-0.2566651
-0.25665557
-0.25667277
-0.25670907
-0.25146383
-0.2357738
-0.8358628
-0.09460264
-0.094642475
-0.09465946
-0.09464571
-0.094607115
-0.09456063
-0.10743827
-0.12151294
0.13451158
0.25578398
0.25581473
0.25582373
0.25580585
0.2557683
0.255727
0.25569916
0.24580474
0.21254481
-0.27371615
-0.17967185
-0.17967449
-0.17968047
-0.1796867
-0.17968997
-0.17968842
-0.19224383
-0.19389842
-0.14878942
-0.18176949
-0.18177038
-0.18177308
-0.18177617
-0.1817781
-0.18177788
-0.18422806
-0.18718356
-0.17241718
-0.16775307
-0.16410758
-0.1641116
-0.16411424
-0.1641146
-0.16411272
-0.16778927
-0.15599686
-0.13403238
-0.16815251
-0.16818605
-0.16817926
-0.16816764
-0.16815518
-0.1681462
-0.16814342
-0.17373562
-0.15652347
-0.17537798
-0.2761948
-0.27619588
-0.27619624
-0.2761958
-0.27619475
-0.27619362
-0.27619296
-0.27564618
-0.2743284
-0.47928593
-0.73530656
-0.7354195
-0.735517
-0.735551
-0.7355026
-0.7353899
-0.74736166
-0.7917702
-0.7694377
-0.7616506
-0.7616463
-0.7616488
-0.7616575
-0.7616687
-0.76167804
-0.77501667
-0.79601246
0.1748946
0.76564485
0.7656879
0.7657111
0.76570463
0.7656714
0.76562697
0.7655912
0.76557994
0.76559836
0.7656377
0.7656803
0.76570714
0.7657068
0.7656794
0.765638
0.7656009
0.76558495
0.765597
0.76563126
0.780316
0.80973464
0.5617877
0.5619086
0.5619993
0.562018
0.5619557
0.56183946
0.56314903
0.56954545
0.18357746
0.1834826
0.18342917
0.18342133
0.18346395
0.18353912
0.18361466
0.18608347
0.45174542
0.56183827
0.5618679
0.56187797
0.5618624
0.5618262
0.5617845
0.5051933
0.30699712
0.05303981
0.113242105
0.11323875
0.113227084
0.11321218
0.11320089
0.07247186
0.07434947
0.057292607
-0.042572826
-0.04266531
-0.04265584
-0.042548865
-0.0423922
-0.04225535
-0.04219836
-0.047705248
-0.06634332
0.36844835
-0.38990176
-0.38993663
-0.3899619
-0.38996565
-0.3899459
-0.38991088
-0.3787032
-0.36179224
-0.35707375
-0.12341207
-0.27565682
-0.27561006
-0.27557027
-0.2755559
-0.27557376
-0.2756165
-0.2756652
-0.284454
-0.3201153
