0.45805612
0.40610227
0.40609288
0.4060615
0.40602225
0.40599236
0.4059851
0.40600315
0.406038
0.40607357
0.4060944
0.40609056
0.40606403
0.4060269
0.40599546
0.4059838
0.40599626
0.40602726
0.40606245
0.4060859
0.40608716
0.40606576
0.39163417
0.34774873
0.3551913
0.77611655
0.6669766
0.6669963
0.66697466
0.66692233
0.6668632
0.6668245
0.6668239
0.6668612
0.66692054
0.66697526
0.66700166
0.6669884
0.666943
0.6668859
0.66684353
0.666835
0.6668642
0.66797835
0.7083675
0.6665244
0.5952937
0.5952465
0.59525645
0.5953134
0.5953861
0.5954372
0.59543866
0.59538555
0.5952977
0.5952097
0.59515613
0.5951557
0.5952034
0.59527284
0.5953282
0.5953403
0.5952999
0.59522116
0.5951353
0.5692811
0.5316368
0.72990376
0.5951705
0.59492975
0.5948599
0.59499025
0.5952607
0.60033786
0.67969745
0.77650154
0.8510603
0.43048966
0.43074912
0.43073532
0.4307551
0.43080068
0.43085253
0.43564355
0.51292396
0.8566691
0.6538804
0.653884
0.65389335
0.6539039
0.6539104
0.8192497
0.8077134
0.7699482
0.83691406
0.8192918
0.8192798
0.8192078
0.81911033
0.8190316
0.8190059
0.86904925
0.9980052
0.81841147
0.81877846
0.8188377
0.81889826
0.8189232
0.81889355
0.81881416
0.81004786
0.8194577
0.7843872
0.5377253
0.53775024
0.53774726
0.537718
0.53767556
0.5374417
0.53262824
0.52048826
0.5067382
0.4981921
0.31186455
0.3234017
0.3233843
0.32341334
0.32347527
0.32354227
0.32358417
0.32284674
0.29399094
0.2973295
0.29736143
0.29737598
0.297367
0.29733846
0.2973034
0.29725504
0.29671028
0.6365241
0.5549964
0.5550011
0.55500734
0.5550128
0.6285889
0.6285813
0.61425424
0.59633493
0.599775
0.5548764
0.55488276
0.5548748
0.5548567
0.5548364
0.55482334
0.5598513
0.5633711
0.637416
0.16027871
0.16027465
0.16027153
0.1602706
0.16027233
0.15952727
0.16125754
0.1612056
0.16028811
0.16028538
0.16028273
0.16028145
0.16028194
0.15979666
0.15979454
0.16117251
0.1602853
0.16028006
0.1602777
0.16027921
0.16028404
0.16029015
0.1595627
0.16347261
0.16023223
-0.17557007
-0.17558175
-0.1755811
-0.17556815
-0.17554837
-0.17256118
-0.15667441
-0.16838004
-0.17557845
-0.1755713
-0.17556594
-0.1755646
-0.17556795
-0.17580244
-0.17731436
-0.07577522
-0.17559458
-0.17560698
-0.1756056
-0.14129642
-0.14125517
-0.14101118
-0.13866916
-0.1413214
-0.450292
-0.45026302
-0.45023358
-0.45021635
-0.45021772
-0.44793636
-0.44276637
-0.9504907
-0.73437124
-0.7342949
-0.7342172
-0.7341731
-0.7341821
-0.7342399
-0.73406744
-0.9883471
-0.56871957
-0.5686269
-0.5685667
-0.56856716
-0.56862926
-0.5690823
-0.57618684
-0.56890523
-0.5455776
-0.17308387
0.0019490831
0.0019419566
0.0019428805
0.0019510575
0.001962334
0.002092626
-0.002241362
-0.2014854
-0.015637238
-0.015631113
-0.015628658
-0.015631668
-0.015639432
-0.015649103
-0.009765875
1.0401404
0.4599288
0.45983878
0.45982578
0.45989636
0.46001977
0.45544738
0.43857235
0.47899577
0.2099232
0.5636047
0.5635863
0.56357086
0.56356335
0.56356555
0.55983764
0.5296804
-0.6529772
0.025909357
0.025909357
0.025909357
0.025909357
0.025909357
0.025909357
0.025909357
0.020500027
0.025909357
0.025909357
0.025909357
0.025909357
0.025909357
0.025909357
0.025909357
0.025909357
0.025909357
-0.26259696
-0.63144433
-0.6314032
-0.6313853
-0.6313989
-0.63143766
-0.63148403
-0.73528004
-0.7585919
-2.1079338
-0.9831072
-0.9830898
-0.9831007
-0.9831387
-0.9831906
-0.98323673
-0.99197966
-1.0131714
-2.0255773
-0.63508296
-0.6350324
-0.6349717
-0.63493025
-0.63492846
-0.634969
-0.62961674
-0.6147796
-1.5274924
-0.44137287
-0.44135854
-0.44134635
-0.44134495
-0.4413583
-0.44138327
-0.4449619
-1.3074207
-1.502341
-1.5023633
-1.502329
-1.5022622
-1.5021925
-1.5021391
-1.5085427
-2.8372605
-1.502368
-1.5023845
-1.5023726
-1.5023421
-1.502311
-1.50271
-1.5076065
-1.5309356
-2.4200892
-1.1942782
-1.1942269
-1.1941568
-1.1941022
-1.1940898
-1.1941279
-1.1711795
-1.1475104
-2.4296591
-1.4493331
-1.4493052
-1.4492804
-1.4492725
-1.4492873
-1.4559585
-1.4440345
-2.4162574
-0.8836237
-0.88359773
-0.8835743
-0.8835672
-0.88358295
-0.8789674
-0.87555826
-0.9944657
-0.92524034
-0.9254004
-0.92556167
-0.9257074
-0.9258269
-0.92083025
-0.90753734
-0.87421465
-0.90864646
-0.90809584
-0.907504
-0.90691674
-0.9063803
-0.9169282
-0.911497
-1.9685345
-0.98392314
-0.98385036
-0.98380727
-0.9838161
-0.9838755
-0.9839613
-0.9585269
-0.8983574
-2.0333629
-0.9838005
-0.9837532
-0.9837827
-0.98387784
-0.983999
-1.0056043
-0.99401134
-1.0673621
-1.178165
-1.1780773
-1.1781214
-1.1782744
-1.1784645
-1.1786027
-1.1390173
0.15336797
-1.0479147
-1.0480658
-1.0481741
-1.0481888
-1.0481014
-1.0479492
-1.0245898
-0.99739176
-2.2155263
-1.1060834
-1.1061063
-1.1061205
-1.1061232
-1.1061162
-1.1045538
-1.0954376
-2.2075152
-1.2576188
-1.257511
-1.2573408
-1.2571888
-1.2571265
-1.2571847
-1.2440271
-1.2021363
0.11732769
-1.060444
-1.0604405
-1.0604588
-1.0604875
-1.060511
-1.0608389
-1.0508878
0.1487174
-0.8216456
-0.8216625
-0.8215885
-0.8214548
-0.8213192
-0.8212394
-0.8239316
-0.82912594
-2.2563975
-0.7560786
-0.75609094
-0.7560953
-0.75609297
-0.7560884
-0.7560863
-0.7668326
-3.0245814
-1.1473033
-1.1473643
-1.1474465
-1.1475186
-1.147554
-1.1475426
-1.1517713
-3.2098436
-1.3079553
-1.3081107
-1.3081251
-1.3079985
-1.3077929
-1.148419
-1.1709993
-1.1448573
-3.0054846
-1.0282178
-1.0282831
-1.0283258
-1.0283326
-1.0283065
-1.028265
-1.042829
-1.0743976
-3.0546796
-1.0285025
-1.0285915
-1.0285002
-1.0282762
-1.0983218
-1.0981698
-1.1269768
-1.217779
-1.0279857
-1.023569
-1.0263686
-1.0261855
-1.0260936
-1.0261097
-1.0262023
-1.025296
-1.0062709
0.09172355
-1.2749465
-1.2750459
-1.2751236
-1.2751402
-1.2750835
-1.2749743
-1.2736101
-1.262933
-3.5016696
-1.2757697
-1.2758725
-1.2758863
-1.275811
-1.2756872
-1.2755754
-1.2755307
-1.2767607
-1.2817863
-1.0407441
-0.45127958
-0.4513268
-0.4513684
-0.45138764
-0.45137793
-0.4513457
-0.4512552
-0.45059747
-1.0781198
-0.5032146
-0.50318694
-0.5031658
-0.50316274
-0.503181
-0.50321424
-0.510566
-0.5079165
-2.3624244
-0.81872225
-0.8186876
-0.81858253
-0.81846005
-0.81838065
-0.81838465
-0.840565
-0.8859451
-2.679395
-1.2751843
-1.2753555
-1.275447
-1.2754219
-1.275296
-1.2751303
-1.2726928
-2.346697
-0.99652267
-0.99659944
-0.9966643
-0.9966928
-0.9966768
-0.99662805
-0.99537325
-0.995049
-0.5039669
-1.0915252
-1.0914283
-1.0913609
-1.0913442
-1.0913765
-1.0914347
-1.1026558
-1.13696
-1.1024468
-1.0959594
-1.0960569
-1.0962052
-1.0964034
-1.0966276
-1.0979545
-1.1200193
-0.7761936
-0.39141452
-0.39138386
-0.39136747
-0.39137325
-0.39139926
-0.39143446
-0.39290485
-0.39940372
-0.41140184
-1.5459393
-0.99851656
-0.9985492
-0.9985469
-0.9985142
-0.9984696
-0.9988387
-0.99937016
-2.710267
-0.99924266
-0.99925774
-0.9992661
-0.9992706
-0.9992752
-0.99914813
-0.9905475
-3.1735528
-1.1483737
-1.1484431
-1.1484922
-1.1485058
-1.1484848
-1.1547815
-1.1618824
-1.1700395
-1.4770951
-1.1487113
-1.1487017
-1.1486782
-1.1486533
-1.1486398
-1.1486453
-1.2042669
-1.2932082
-1.2308744
-2.7472625
-0.77967685
-0.77973044
-0.77979225
-0.77984154
-0.77986324
-0.77985466
-0.77806336
-0.76182926
0.14068909
-1.1555169
-1.1553063
-1.155154
-1.1551214
-1.1552155
-1.1553863
-1.1442971
-0.22528371
-1.155514
-1.1555119
-1.1554353
-1.1553116
-1.155189
-1.1551155
-1.1601148
-1.1678107
-3.1341789
-1.2938226
-1.2938949
-1.2939112
-1.2938712
-1.2937987
-1.2937319
-1.2985471
-3.176975
-1.0543249
-1.0543324
-1.0543554
-1.0543903
-1.0544294
-1.0598136
-1.0771916
0.07267581
-1.1884575
-1.18827
-1.1881647
-1.1881803
-1.1883011
-1.1884643
-1.189264
-3.0254922
-1.1479633
-1.1479907
-1.1480037
-1.1480023
-1.1479926
-1.1479847
-1.1521446
-2.1231284
-1.1782047
-1.1783535
-1.1784332
-1.1784171
-1.1783217
-1.1781982
-1.1826271
-1.2065731
-3.10025
-1.2822529
-1.2824836
-1.282617
-1.2826008
-1.2824502
-1.2842898
-1.2949147
-1.2771573
-1.2800128
-1.279943
-1.2799109
-1.2799015
-1.2798892
-1.2798513
-1.2847543
-1.2781686
-1.2832665
-3.3632824
-1.4164064
-1.4165353
-1.4166065
-1.4165962
-1.4165157
-1.4164087
-1.4213399
-1.4159821
-3.2234454
-1.3460039
-1.3460732
-1.3461082
-1.3461007
-1.3460615
-1.3407449
0.07017931
-1.3451127
-1.345228
-1.3452916
-1.3452691
-1.3451642
-1.3436655
-1.3327563
-3.2608652
-0.85356283
-0.85363114
-0.85368764
-0.85371315
-0.8537023
-0.85355055
-0.84501433
-2.5603375
-0.8536817
-0.9483031
-0.94822764
-0.94815767
-0.94812953
-0.9495287
-0.8417622
-2.8053308
-1.1013788
-1.1016407
-1.1017692
-1.0657085
-1.0655385
-1.0653322
-1.0577388
-1.0386454
-2.866224
-1.1858462
-1.1857525
-1.1856922
-1.1856987
-1.1857748
-1.1858925
-1.1945153
-1.2134153
-3.039358
-1.1331146
-1.1330473
-1.1330479
-1.1331215
-1.1332405
-1.1333578
-1.1334159
-3.0666049
-1.1331519
-1.1330836
-1.1330975
-1.1331937
-1.133336
-1.1334674
-1.1335368
-1.133521
-1.1334348
-1.1333249
-1.1332469
-1.1332422
-1.133319
-1.1334486
-1.1335793
-1.1336589
-1.1336595
-1.1358994
-2.0285015
-0.7477988
-0.747741
-0.7477392
-0.74779785
-0.74789417
-0.74798906
-0.7338191
-0.7441305
-1.0760639
-1.0760152
-1.0759592
-1.0758958
-1.0758286
-1.0756255
-1.0959721
-0.060721576
-1.076121
-1.0760634
-1.0760335
-1.0760397
-1.0760744
-1.0761173
-1.1021252
-1.1328636
