0.8803459
0.60930336
0.60922533
0.6091267
0.60905206
0.6090348
0.60908234
0.609173
0.6092664
0.60932094
0.60931325
0.6092477
0.6091545
0.60907584
0.6090469
0.6090805
0.6091611
0.60925263
0.6093144
0.6093193
0.6092666
0.6091801
0.5932549
0.51858467
0.4224926
0.7238838
0.65161157
0.6515708
0.6515707
0.65161145
0.6516739
0.65173024
0.6517554
0.65173876
0.65168804
0.65162635
0.6515815
0.6515732
0.65160495
0.6516621
0.65171885
0.65175015
0.6517422
0.65481985
0.67736536
0.6515637
0.6515273
0.65145916
0.6514709
0.65155596
0.65167546
0.65177524
0.6518105
0.6517662
0.6516626
0.6515463
0.651469
0.6514647
0.6515338
0.65164477
0.65174717
0.65179527
0.65176773
0.6516776
0.6515654
0.6441661
0.6283403
0.6745945
0.76798755
0.7679118
0.76787716
0.76789945
0.76796883
0.76906216
0.7745957
0.77391744
0.7653821
0.65152955
0.6515058
0.651423
0.65145856
0.6515886
0.6517478
0.6491349
0.63192356
0.91070133
0.6521912
0.6521909
0.65217555
0.652153
0.65213454
0.7679872
0.7690796
0.7745077
0.75036913
-0.22018373
-0.22015801
-0.22015955
-0.22018723
-0.22022833
-0.22026423
-0.22040084
-0.25309557
-0.22026277
-0.22027169
-0.22028719
-0.22030313
-0.22031309
-0.22031328
-0.22030492
-0.23131163
-0.25133705
-0.2281016
-0.22021766
-0.2202187
-0.22021978
-0.22022016
-0.22022001
-0.22050819
-0.22587301
-0.23076616
-0.2317343
-0.2310308
-0.21754839
-0.22599734
-0.22598699
-0.22600788
-0.22605059
-0.22609593
-0.2261239
-0.22499667
-0.54778296
-0.57863295
-0.5786764
-0.5787248
-0.57875735
-0.57876
-0.5787326
-0.5643373
-0.5572889
-0.4150702
-0.34961915
-0.349609
-0.34961015
-0.34962124
-0.27424288
-0.2742492
-0.27847993
-0.3086547
-0.3320494
-0.34988552
-0.3499113
-0.34990185
-0.3498612
-0.34980735
-0.34976396
-0.34991407
-0.36367923
-0.2124667
-0.27423754
-0.27423632
-0.27423853
-0.2742425
-0.27424595
-0.2789103
-0.30001283
-0.3503075
-0.2743298
-0.27430865
-0.27428925
-0.27428088
-0.2742877
-0.2771602
-0.29677898
-0.025289882
-0.04645863
-0.04646356
-0.046468772
-0.0464717
-0.046470854
-0.04646638
-0.046928734
-0.04825809
-0.046598747
-0.046596646
-0.046615552
-0.046610363
-0.046585023
-0.04655234
-0.047576543
-0.053915482
-0.026770364
-0.32910585
-0.32909808
-0.32909253
-0.32909217
-0.3290974
-0.3290275
-0.33049008
-0.41788745
-0.3291107
-0.32910454
-0.32910025
-0.38936242
-0.38936582
-0.38967183
-0.3905094
-0.389261
-0.38933697
-0.38933372
-0.38931566
-0.3892887
-0.38926283
-0.3897771
-0.38961995
-0.34799415
-1.0359608
-1.0360652
-1.0360891
-1.0360237
-1.0359004
-1.0357759
-1.0468299
-0.6457125
-0.5760395
-0.5760281
-0.57601523
-0.57600737
-0.5760088
-0.5762153
-0.5802909
-0.58749354
-0.59636164
0.38034886
0.2270645
0.22704361
0.22703578
0.22704522
0.22706877
0.22747852
0.23077919
-1.3313303
-1.0787171
-1.0786936
-1.0786808
-1.0786867
-1.0787108
-1.0787443
-1.0768459
-1.3296752
-1.0787497
-1.0787121
-1.0786711
-1.078647
-1.0786524
-1.0782831
-1.0840548
-1.1135132
-0.8316189
-1.0324373
-1.0324383
-1.0324388
-1.0324364
-1.0324298
-1.033631
-1.0490062
-1.3305229
-0.9814224
-0.9813859
-0.98135144
-0.98133683
-0.98135066
-0.98138887
-0.9772933
-0.9717687
-0.9801093
0.03389953
0.033936337
0.03395842
0.033961937
0.033951387
0.033147916
0.011197045
-0.026758283
-0.36619568
-0.49349356
-0.49349272
-0.4934909
-0.49348757
-0.493483
-0.49347788
-0.4940133
-0.49708763
-1.3483533
-0.8946335
-0.8946988
-0.8947028
-0.8946475
-0.8945607
-0.8944844
-0.88644934
-0.8694657
0.80948853
0.7588364
0.7584218
0.758142
0.7581229
0.7583728
0.75877917
0.7448275
0.74523044
-0.23252946
-1.3497071
-1.3497734
-1.3498508
-1.3499097
-1.3499283
-1.3499037
-1.2951552
-1.7843511
-1.7347512
-1.7350092
-1.7351255
-1.7350495
-1.7348154
-1.734529
-1.7548306
-2.6580048
-1.1634212
-1.1634222
-1.1634183
-1.1634128
-1.1634095
-1.1634843
-1.163489
-1.1602447
-1.819792
-1.1943128
-1.1943167
-1.1943135
-1.1943065
-1.1943002
-1.1942987
-1.1936595
-1.1988864
-1.8823408
-1.2411289
-1.2411115
-1.241103
-1.241109
-1.2411282
-1.2403815
-1.2355798
-1.9091791
-1.251093
-1.2510875
-1.2510781
-1.2510713
-1.2510726
-1.2508242
-1.2503834
-1.2688025
-1.2430301
-1.2430975
-1.2431908
-1.2433032
-1.2434193
-1.2445813
-1.2499049
-1.2235364
-1.1198614
-1.1193446
-1.1188389
-1.1183646
-1.11793
-1.1281945
-1.1533828
-1.7589307
-1.155536
-1.1555809
-1.1556067
-1.1556056
-1.1555808
-1.1555463
-1.1530164
-1.1449413
-2.0241115
-1.337763
-1.3378282
-1.3378794
-1.3378977
-1.3378786
-1.3335396
-1.3353537
-1.3382931
-1.3331742
-1.3330737
-1.3330728
-1.3331703
-1.3333213
-1.3334576
-1.3316504
-0.10497375
-1.0653732
-1.0653932
-1.065451
-1.0655156
-1.0655528
-1.0655416
-1.0607183
-1.0471264
-1.8867148
-1.3326327
-1.3326046
-1.3325891
-1.3325963
-1.3326253
-1.3297176
-1.3312831
-2.0573652
-1.3325891
-1.3325565
-1.3325557
-1.3325894
-1.3326454
-1.3327012
-1.3303797
-1.3223546
-0.8704686
-1.4187071
-1.4189073
-1.4190378
-1.4190376
-1.4189041
-1.4190515
-1.4270513
-0.43501887
-1.5299629
-1.5299273
-1.5298691
-1.5298101
-1.5297725
-1.529768
-1.5373172
-1.5559962
-0.8887169
-0.89253247
-0.8925552
-0.8925801
-0.8925991
-0.8926072
-0.8926038
-0.8862171
-1.4143239
-0.99586624
-0.99588877
-0.99590504
-0.9959104
-0.9959058
-0.9958957
-0.9772328
-1.540316
-1.038488
-1.038444
-1.0384507
-1.0385079
-1.0385921
-0.9951993
-0.97804165
-0.9516853
-1.4794716
-0.9958812
-0.9958921
-0.9958932
-0.9958868
-0.9958782
-0.99587417
-0.99274236
-0.9861369
-1.5066
-0.9958705
-0.9958508
-0.9958316
-0.99582356
-1.038537
-1.0385665
-1.0219953
-0.97385067
-1.0637329
-0.9944956
-1.2243229
-1.2241839
-1.2241338
-1.2241786
-1.2242811
-1.2231153
-1.2058895
-0.5545962
-1.3372887
-1.3373506
-1.3373998
-1.337411
-1.3373766
-1.337309
-1.3314049
-1.3145342
-1.6008193
-0.9615096
-0.9614594
-0.96148
-0.96156466
-0.9616791
-0.9617748
-0.9618131
-0.96149945
-0.95707417
-1.3693871
-0.9762539
-0.97623587
-0.9762209
-0.97621846
-0.976232
-0.97625786
-0.9689712
-0.95382535
-1.4699311
-0.7503323
-0.7502589
-0.75023973
-0.7502873
-0.75038475
-0.7504927
-0.74691415
-0.7510085
-1.5842031
-1.3160584
-1.3160367
-1.3160247
-1.316029
-1.3160492
-1.3160778
-1.3132862
-1.3104197
-1.4415267
-0.68957627
-0.68951774
-0.68944746
-0.6894028
-0.68940926
-0.6894689
-0.6822444
-1.4541433
-1.2109616
-1.210848
-1.2107936
-1.2108272
-1.2109374
-1.2110785
-1.217167
-1.2285992
-1.0130241
-1.0366354
-1.0365496
-1.0364747
-1.0364388
-1.0364528
-1.0365045
-1.0418341
-1.0496893
-1.0404989
-1.039172
-1.0391971
-1.0392183
-1.0392647
-1.0393535
-1.0398916
-1.0467782
-1.7918444
-0.8553484
-0.85542536
-0.8555884
-0.85577804
-0.8559235
-0.85597414
-0.84906995
-0.83700216
-0.85334396
-1.3187821
-0.5312004
-0.5311776
-0.5311506
-0.5311336
-0.5311361
-0.5321166
-0.54078585
-0.95214844
-0.5312751
-0.531227
-0.5312028
-0.53121763
-0.53126943
-0.53027666
-0.5303504
-1.6149782
-0.83151114
-0.83142185
-0.8313739
-0.83139396
-0.83147776
-0.83160007
-0.8356624
-0.847681
-0.9136797
-0.8315677
-0.83157444
-0.83154833
-0.83150244
-0.8314584
-0.83143675
-0.8405871
-0.8425252
-0.93925273
-1.706291
-0.93771946
-0.9376403
-0.9376128
-0.9376523
-0.93774444
-0.9378511
-0.92997414
-0.9058626
0.070123255
-1.119766
-1.1197182
-1.1196963
-1.1197047
-1.1197345
-1.1197674
-1.1335347
-0.6838528
-1.1222206
-1.1222198
-1.1221119
-1.121939
-1.1217715
-1.1216767
-1.1206442
-1.114525
-2.1526587
-1.1137296
-1.1135838
-1.1134816
-1.113474
-1.1135683
-1.1137267
-1.1181928
-2.14878
-1.1137614
-1.1137239
-1.1136965
-1.1136979
-1.1137332
-1.1175829
-1.1260642
-0.042054147
-0.9545443
-0.9545126
-0.9544867
-0.9544753
-0.9544805
-0.9544971
-0.95202243
-1.7662427
-1.2735152
-1.2735045
-1.273481
-1.2734587
-1.2734513
-1.2734654
-1.2664415
-1.5852777
-1.2821765
-1.2822276
-1.2822772
-1.2823087
-1.2823132
-1.2822946
-1.2873783
-1.3031092
-1.8883507
-1.2821333
-1.282127
-1.282126
-1.2821347
-1.2821529
-1.2821804
-1.2800936
-1.279968
-1.2807679
-1.2807488
-1.2807477
-1.2807467
-1.2807285
-1.2806835
-1.2790967
-1.2736886
-1.2657295
-1.777213
-1.0754143
-1.0754226
-1.0754265
-1.0754282
-1.0754318
-1.0754403
-1.0773413
-1.0824925
-1.7749155
-1.0760428
-1.0760711
-1.0760826
-1.076078
-1.0760652
-1.0737498
-0.07633415
-1.3289603
-1.3289968
-1.3290502
-1.3290893
-1.3290898
-1.3286808
-1.3268079
-2.159502
-1.3298202
-1.3298781
-1.3299253
-1.3299474
-1.3299409
-1.3319421
-1.3406954
-2.1727283
-1.1040535
-1.1189492
-1.118931
-1.1189514
-1.1190065
-1.1180385
-1.1025676
-1.9404485
-1.1189687
-1.1189362
-1.1189202
-1.1039948
-1.1040361
-1.1040919
-1.1049854
-1.1068906
-1.9193044
-1.2236098
-1.2237635
-1.2238891
-1.2239374
-1.2238935
-1.2237841
-1.2169871
-1.1996961
-2.0557973
-1.2527276
-1.2527108
-1.2527007
-1.2527063
-1.2527299
-1.2527658
-1.2541109
-1.6944065
-0.8772334
-0.8771994
-0.8771944
-0.87722564
-0.87728333
-0.8773465
-0.8773916
-0.8774034
-0.8773818
-0.8773414
-0.8773049
-0.8772931
-0.87731564
-0.8773664
-0.8774266
-0.87747383
-0.8774915
-0.8829576
-2.2456179
-1.0690033
-1.0690556
-1.0691129
-1.069155
-1.0691693
-1.0691555
-1.0623415
-1.0649774
-1.0665905
-1.0665398
-1.0664704
-1.0663829
-1.0662861
-1.0663507
-1.0687404
-0.062941074
-1.0683879
-1.0683196
-1.0682791
-1.0682788
-1.0683129
-1.0683603
-1.0689068
-1.0798466
-0.03613801
-0.751124
-0.7511511
-0.75114524
-0.7511042
-0.75104195
-0.7509814
-0.7455338
-0.7379753
-0.74413794
-0.7548698
-0.7531899
-0.7532241
-0.7532906
-0.7533921
-0.7535152
-0.7536365
-0.7628855
-0.7918562
-0.71082085
-0.72233367
-0.72186214
-0.7213454
-0.72079617
-0.7202436
-0.7197208
-0.7095234
-1.6282209
-0.6393376
-0.63934946
-0.63936114
-0.6393749
-0.6393922
-0.6394122
-0.61777294
-0.568446
-1.8572602
-1.0191593
-1.019202
-1.0192415
-1.0192672
-1.019275
-1.0198418
-1.0220854
-1.5675638
-1.0183803
-1.0183786
-1.01838
-1.0183895
-1.0184077
-1.0184317
-1.0179592
-1.0214654
-1.9325272
-0.5895138
-0.5895786
-0.58961076
-0.58960044
-0.5895575
-0.5895059
-0.5890583
-0.5806753
-1.2205647
-0.5895585
-0.5895544
-0.5895539
-0.5895626
-0.58958197
-0.6078553
-0.62170553
-1.8832704
-0.9918682
-0.99197584
-0.992063
-0.99209803
-0.99207324
-0.99132115
-0.9726157
-1.8139902
-1.1157705
-1.1156983
-1.11569
-1.1157523
-1.1158607
-1.1159698
-1.1099182
-1.0943631
0.06593536
-0.93208045
-0.9320699
-0.9320819
-0.93210614
-0.93212706
-0.93213046
-0.93211055
-0.9363421
-1.6930608
-0.8743112
-0.8743062
-0.87430286
-0.8743073
-0.874322
-0.87434465
-0.9371072
-0.94501317
-0.8854552
-0.8716357
-1.096606
-1.0965171
-1.0964311
-1.0963542
-1.0962882
-1.0962303
-1.1016157
-1.1253942
-0.03287013
-1.1806419
-1.180665
-1.18066
-1.1806203
-1.1805551
-1.1804852
-1.180433
-1.1782138
-1.1747632
-1.1871952
-1.1845851
-1.1847726
-1.1849065
-1.1849865
-1.1850348
-1.1850867
-1.1944784
-1.2281979
-1.0512648
-2.111902
-1.0461652
-1.0462453
-1.0462822
-1.0462654
-1.0462083
-1.0461425
-1.0490003
-1.0613489
-1.0842304
-2.1630557
-0.9366045
-0.93663645
-0.9366404
-0.9366194
-0.93658745
-0.9365635
-0.9420247
-0.95320654
-0.93479586
-0.9356768
-0.9355905
-0.935518
-0.93547034
-0.93544865
-0.93544185
-0.9354329
-0.930738
-0.92432296
-0.9522784
-0.94536734
-0.94572604
-0.9460702
-0.9464011
-0.9467238
-0.9470453
-0.9422333
-0.9288628
-1.6650081
-0.8823529
-0.88238055
-0.88239783
-0.88240355
-0.8824015
-0.8823988
-0.8750375
-0.86008507
-0.085537635
-0.8817912
-0.88177353
-0.88174534
-0.8817153
-0.8816933
-0.8816852
-0.8788578
-0.8733478
-0.085537635
-1.0779501
-1.0779376
-1.0779392
-1.0779465
-1.0779488
-1.0779376
-1.0849259
-1.1017227
-1.1126146
-0.08185834
-1.0780405
-1.0780408
-1.0780234
-1.0779893
-1.0779469
-1.0779085
-1.0739024
-1.4695667
-0.9678511
-0.96791035
-0.9679469
-0.9679483
-0.9679172
-0.9702563
-0.9753964
-0.9898102
-1.4686183
-1.1401998
-1.1402271
-1.1402427
-1.1402453
-1.1504549
-1.1504484
-1.156029
-1.1672721
-1.7102983
-1.1503665
-1.1503628
-1.1503532
-1.1503466
-1.1503513
-1.1503695
-1.1503977
-1.1438359
-1.1310507
-1.1212908
-1.6957027
-1.1300466
-1.1300212
-1.1300011
-1.1299983
-1.130017
-1.1300516
-1.1305412
-1.1355175
-1.1390165
-1.1354958
-1.7228444
-1.0213778
-1.0213786
-1.0213841
-1.0213946
-1.0214078
-0.9544066
-0.95441496
-0.95318997
-0.9455666
-0.95753056
-1.0210729
-1.0210794
-1.02108
-1.0210729
-1.0210601
-1.0210464
-1.0270815
-1.042744
-1.0217978
-1.0215306
-1.0215449
-1.0215701
-1.0216033
-1.0216379
-1.0216665
-1.0185738
-1.0159382
-1.0177265
-1.0176036
-1.0174793
-1.0173534
-1.0172266
-1.0171009
-1.0169786
-1.0171219
-1.393241
-0.62194216
-0.65823007
-0.6582282
-0.65822726
-0.6582291
-0.65823406
-0.65436286
-0.6113275
-0.041414388
-1.0375437
-1.0375209
-1.0375075
-1.0375061
-1.0375135
-1.0375233
-1.0375277
-1.0306677
-1.0264217
-0.041414388
-1.0239686
-1.023984
-1.0239909
-1.0239825
-1.0239595
-1.0239284
-1.0297638
-1.0501986
-1.3812256
-1.0243752
-1.0243499
-1.0243562
-1.024395
-1.0244523
-1.0245061
-1.0245361
-1.0278376
-1.0360348
-1.3555648
-1.0243851
-1.0243593
-1.0243715
-1.0244201
-1.0244876
-1.0245478
-1.0296077
-1.741317
-1.1887932
-1.188795
-1.1887965
-1.1888001
-1.188806
-1.1888146
-1.1888242
-1.1891226
-1.1900569
-1.6631639
-1.0423697
-1.0423229
-1.0422899
-1.0147271
-1.0147659
-1.0148302
-1.0148965
-1.0189936
-1.0218579
-1.6364238
-1.011106
-1.0110904
-1.0110444
-1.0109938
-1.010966
-1.0109779
-1.0434484
-1.0170015
-1.709243
-1.2103363
-1.2103508
-1.210362
-1.2103739
-1.2469897
-1.2470049
-1.2470232
-1.2476854
-1.9998899
-1.2102093
-1.2101831
-1.2101854
-1.2102218
-1.2102828
-1.210348
-1.2133597
-0.13204256
-1.2463171
-1.2462897
-1.2462741
-1.246273
-1.2462823
-1.2462934
-1.2455755
-1.2427715
-1.837024
-0.8297158
-0.829427
-0.8293568
-0.8295524
-0.82994175
-0.8303663
-0.7889706
-0.71196413
-1.5219237
-1.0607823
-1.060803
-1.0608143
-1.0608147
-1.0608077
-1.0338295
-1.0336087
-1.027251
-1.0179548
-1.4828601
-1.2862968
-1.2863294
-1.2863492
-1.2863523
-1.2863427
-1.2863294
-1.2842146
-1.2790408
-1.2738404
-1.2833318
-1.2844415
-1.2844006
-1.2843436
-1.2842692
-1.2841842
-1.2841004
-1.2785039
-1.2678472
-1.8928694
-1.2862226
-1.2862374
-1.2862326
-1.2862146
-1.2861947
-1.2861856
-1.283794
-1.2767981
-1.8525878
-1.1208602
-1.1208254
-1.1208158
-1.1208392
-1.1208893
-1.120947
-1.1190698
-1.1133677
-1.118959
-1.1196887
-1.1196983
-1.119674
-1.1196103
-1.1195197
-1.1194266
-1.1273301
-1.1460873
-1.3527982
-1.0062371
-1.0062382
-1.0062281
-1.0062178
-1.0062183
-1.005538
-1.0055703
-1.0018096
-0.1255476
-1.0054553
-1.005439
-1.005426
-1.0054159
-1.0054071
-1.0053974
-1.0082242
-1.0139687
-1.6735163
-1.2686846
-1.2687211
-1.2687378
-1.2502162
-1.2501985
-1.2501807
-1.2500871
-1.2482649
-0.1468962
-1.1876123
-1.1875746
-1.187535
-1.187506
-1.1874952
-1.1875029
-1.1877463
-1.1887887
-1.9224944
-1.188195
-1.1881435
-1.1881106
-1.1881149
-1.1881597
-1.1882293
-1.1880679
-1.188415
-1.129982
-1.1308672
-1.1307666
-1.1307006
-1.1306744
-1.1306758
-1.1306808
-1.1306641
-1.1294429
-1.9249071
-1.2225959
-1.2225714
-1.2225484
-1.2225418
-1.2225597
-1.222598
-1.2226193
-1.2428814
-1.2438025
-1.243766
-1.2437149
-1.24365
-1.2435778
-1.2435086
-1.2445159
-0.11982154
-1.2448219
-1.2448393
-1.2448426
-1.2448257
-1.244791
-1.2448522
-1.246799
-1.5693817
-1.0244625
-1.0245191
-1.0245602
-1.0245724
-1.0245557
-1.0245227
-1.0236464
-1.0261754
-1.3655497
-0.99324393
-0.9932785
-0.99329597
-0.9932929
-0.9932749
-0.99325466
-0.98999375
-2.063116
-1.4036428
-1.4036556
-1.4036865
-1.4037272
-1.4037645
-1.4037877
-1.4019479
-2.189954
-1.4037493
-1.4037623
-1.4037796
-1.4038001
-1.4038215
-1.4038405
-1.4040078
-1.4049212
-2.1440303
-0.9957876
-0.9958073
-0.9958193
-0.9958246
-0.995827
-0.99583167
-0.9964281
-0.99293286
-1.7574538
-0.99585444
-0.9958764
-0.9958982
-0.9959178
-0.9959341
-0.99533087
-0.98763764
-1.7541074
-0.94802165
-0.94803
-0.9480325
-0.9480337
-0.9480387
-0.948051
-0.94179136
-1.1668512
-1.2171853
-1.2171738
-1.2172306
-1.217334
-1.2174424
-1.2175114
-1.2133697
-1.2043141
-1.948312
-1.1009758
-1.1008903
-1.100844
-1.1008637
-1.1009462
-1.1390134
-1.1440611
-1.9141936
-1.2500538
-1.2500795
-1.2501023
-1.2501161
-1.2501199
-1.2497199
-1.240356
-1.2267878
-0.48515284
-1.0886564
-1.1756496
-1.1756543
-1.1756253
-1.1755704
-1.1755086
-1.1809385
-1.1928405
-1.0939192
-1.0920771
-1.0922433
-1.0923934
-1.092512
-1.0925976
-1.0926634
-1.0874118
-1.0739764
-1.6743505
-1.4730579
-1.4730843
-1.4731107
-1.4731324
-1.4731467
-1.4731545
-1.4613918
-1.6481833
-0.9226407
-0.9226853
-0.9226779
-0.9226278
-0.9225634
-0.92251873
-0.9344616
-0.96272826
-0.91977346
-0.9207572
-0.92070323
-0.9205998
-0.9204681
-0.92034155
-0.92025155
-0.91682065
-0.94103676
-1.1817436
-1.182255
-1.1827922
-1.1833522
-1.1839185
-1.1844695
-1.2001641
-1.2271445
-1.8458652
-1.1687531
-1.1688259
-1.1688702
-1.1688721
-1.1688373
-1.1687865
-1.1894932
-1.2291901
-1.1657922
-1.1667733
-1.1667347
-1.1667275
-1.1667264
-1.1667039
-1.1682534
-1.1925161
-1.881753
-1.1037997
-1.103843
-1.103871
-1.1038802
-1.1038752
-1.1038672
-1.0903286
-1.0670747
-1.0599678
-1.0985062
-1.1005173
-1.1004072
-1.1002989
-1.1001887
-1.1000744
-1.099956
-1.0908285
-1.1386077
-1.1251804
-1.1260031
-1.1268045
-1.1275951
-1.128386
-1.129185
-1.1238047
-1.4983567
-1.0942717
-1.0942982
-1.0943253
-1.0943522
-1.0943788
-1.0866449
-1.066122
-1.4473544
-1.0937564
-1.0937341
-1.0937779
-1.0938752
-1.0939894
-1.0940766
-1.0853362
-1.0643369
-1.8687482
-1.0940057
-1.0940176
-1.0940334
-1.094052
-1.0940711
-1.093463
-1.0830467
-1.7777
-0.9644669
-0.96452403
-0.96453655
-0.9645044
-0.96444756
-0.9643964
-0.96458524
-0.9601472
-1.7167828
-0.9643776
-0.9644809
-0.9645759
-0.96462595
-0.9646148
-0.9645538
-0.9581885
-0.9440246
-1.3448071
-1.1761189
-1.1761708
-1.1761973
-1.1761899
-1.176156
-1.1761136
-1.1749163
-0.8695421
-1.1070331
-1.1070347
-1.1070527
-1.1070721
-1.1070771
-1.1070585
-1.1076863
-1.6715364
-1.1076964
-1.107688
-1.1077335
-1.1078172
-1.1079056
-1.1079638
-1.1081796
-1.1090496
-1.705133
-1.1761951
-1.1762009
-1.1762104
-1.1762254
-1.1762447
-1.1762929
-1.176115
-1.6932808
-1.1666505
-1.166797
-1.1668692
-1.1668415
-1.1667334
-1.1665998
-1.1663666
-1.1708918
-0.99194586
-0.9928676
-0.99281114
-0.99271643
-0.9926007
-0.9924904
-0.99240977
-0.989498
-0.9840087
-1.0121782
-1.0054857
-1.0059159
-1.0063343
-1.0067474
-1.00716
-1.0075763
-1.0069213
-2.0669017
-1.1662806
-1.1661692
-1.1661593
-1.1662607
-1.1664337
-0.99490833
-0.99981
-1.1852243
-1.9503176
-1.0909376
-1.0909588
-1.0909765
-1.0909896
-1.0909991
-1.0910075
-1.0868204
-1.0762975
-0.016606785
-1.1026475
-1.1026456
-1.1026065
-1.1025414
-1.102473
-1.1024256
-1.0996373
-1.0898004
-2.2389584
-1.0503279
-1.0503732
-1.0503964
-1.0503935
-1.0503715
-1.0503464
-1.0418665
-1.0142361
-1.6674875
-0.94999737
-0.9500262
-0.9500517
-0.9500678
-0.9500726
-0.95006937
-0.9429578
-0.9235938
-0.06712868
-0.9493639
-0.9493721
-0.9493721
-0.9493585
-0.9493317
-0.9492983
-0.94617444
-1.1101569
-0.9498507
-0.9498946
-0.94993526
-0.94995886
-0.9499594
-0.949941
-0.96110743
-1.658549
-1.0343858
-1.0344269
-1.0344678
-1.0344956
-1.0345039
-1.0350032
-1.0372813
-1.0312492
-1.0323184
-1.0322509
-1.0322027
-1.0321658
-1.0321274
-1.0320759
-1.0284737
-1.0201447
-1.7267543
-1.0343834
-1.0344154
-1.0344496
-1.0344764
-1.0344898
-1.0344889
-1.0363686
-1.0404326
-1.5649538
-0.88476914
-0.88482267
-0.88484925
-0.8848427
-0.88481134
-0.8928878
-0.89853823
-0.90598387
1.6431822
0.49933138
0.4993684
0.49938765
0.4993806
0.49935088
0.49931207
0.49928135
0.49927282
0.49928987
0.49932453
0.49936134
0.49938396
0.49938235
0.49935764
0.49932113
0.4992893
0.49927637
0.49928787
0.4993184
0.4993544
0.4993796
0.49938288
0.51126367
0.55078113
0.49931684
0.49929506
0.4992865
0.499295
0.4993164
0.49934104
0.4993578
0.49935922
0.4993449
0.4993213
0.499299
0.49928778
0.49929276
0.49931118
0.49933487
0.49935308
0.4993576
0.4993467
0.4993253
0.4993029
0.49928972
0.5089479
0.58447886
0.015449647
-0.016723601
-0.016719246
-0.016716179
-0.016715752
-0.016717946
-0.003551511
0.5247949
0.23436303
0.27384213
0.27385488
0.27386683
0.27387255
0.2738694
0.2727089
0.2732646
0.22597945
0.23437054
0.23430832
0.23430243
0.23435526
0.23444286
0.23452614
0.23456828
0.23560424
0.22728223
0.1757882
-0.10889464
-0.2092672
-0.20924121
-0.20932023
-0.20946987
-0.20962445
-0.21076792
-0.22256498
-0.12661502
-0.108907975
-0.108873
-0.10885819
-0.10887078
-0.10890577
-0.10894822
-0.109003596
-0.11236071
-0.0704447
-0.10836231
-0.10835103
-0.10826442
-0.108136676
-0.10802735
-0.10798427
-0.11267509
0.011227891
0.014737263
0.014752045
0.014758848
0.0147548765
0.014742218
0.014726713
0.014351204
0.008727089
-0.67529684
-0.2049241
-0.20488213
-0.2048735
-0.20490198
-0.20495461
-0.2050079
-0.20478079
-0.2131985
-0.1976426
-0.20491192
-0.20489466
-0.20490496
-0.20493843
-0.20498021
-0.20501204
-0.20330007
-0.1981337
-0.22121675
-0.2235367
-0.22353907
-0.22353789
-0.2235338
-0.2235287
-0.22286755
-0.22153652
-0.13889588
-0.17513627
-0.17511722
-0.1751124
-0.17512378
-0.17514595
-0.17516871
-0.17467463
-0.17536062
-0.6079459
-0.46698046
-0.4670056
-0.46701175
-0.4669969
-0.46696836
-0.4669394
-0.46688336
-0.47626966
-0.7394269
-1.120456
-1.1205233
-1.1205801
-1.1206
-1.1205741
-1.1205132
-1.1181225
-1.1142557
-1.2260021
-0.7145896
-0.7145961
-0.71457374
-0.714534
-0.71449643
-0.7144794
-0.75084674
-0.8326106
-0.30937028
-0.2606195
-0.26060918
-0.26059848
-0.2605923
-0.26059338
-0.2606013
-0.25911108
-0.25585294
-1.1763649
-0.6283917
-0.6283778
-0.62836593
-0.628362
-0.6283679
-0.6283816
-0.6273974
-0.6254169
-1.1220734
-1.1786239
-1.1785957
-1.1785825
-1.1785911
-1.1786183
-1.178653
-1.1786804
-1.1801342
-1.1798296
-1.3063635
-1.4034245
-1.4035046
-1.403512
-1.4034457
-1.4033387
-1.4032407
-1.5135553
-1.4922493
-1.7377932
-1.5354071
-1.5353792
-1.5353668
-1.5353773
-1.535408
-1.5354464
-1.5539134
-1.6152735
-0.7871705
-0.64503706
-0.7063164
-0.7063641
-0.706415
-0.7064494
-0.70645505
-0.64504397
-0.64343977
-0.6447258
-0.6452881
-0.6454729
-0.6454582
-0.6454439
-0.64543325
-0.6454278
-0.645427
-0.64276934
-0.6239553
-1.0037785
-0.9721793
-0.9721798
-0.9721863
-0.9721982
-0.9722119
-0.9722235
-0.97222966
-0.96689504
-0.9581286
-0.17971969
-0.6099869
-0.61019903
-0.61039865
-0.6104818
-0.6103978
-0.61017114
-0.58977664
-0.47380686
-1.6419963
-0.97074777
-0.97074777
-0.97074777
-0.97074777
-0.97074777
-0.97074777
-0.97074777
-0.97074777
0.5603257
0.52036303
0.52034414
0.52032506
0.52031446
0.520317
0.52033144
0.5203512
0.5203676
0.52037334
0.52036595
0.520349
0.52033037
0.52031827
0.5203181
0.52032983
0.5203482
0.5203651
0.52037287
0.52036834
0.5157219
0.10348644
0.10846608
0.10847011
0.10847545
0.10847969
0.108480975
0.10847869
0.10823106
0.10913425
-0.0022022314
-0.0022292268
-0.0022217035
-0.0022093225
-0.0021971986
-0.0021903105
-0.0021912213
0.0009364821
0.103021435
0.10846918
0.10846334
0.1084594
0.10845893
0.10846214
0.10846736
0.097791225
0.04955728
0.25082186
0.2116488
0.21176673
0.2118273
0.21180354
0.211706
0.29300746
0.2897935
-0.31373286
-0.38649443
-0.38663265
-0.3866609
-0.38656688
-0.38639274
-0.38621643
-0.38611546
-0.4054602
-0.40250188
-0.22754203
-0.2898573
-0.28987315
-0.2898873
-0.28989336
-0.2898885
-0.2898749
-0.29651648
-0.32785922
-0.39210176
-0.20053524
-0.2027125
-0.20271254
-0.20272091
-0.20273387
-0.20274563
-0.20275103
-0.20274775
-0.19973512
-0.1958285
