0.3331977
0.6423875
0.90526956
0.7965288
0.7269582
0.713193
0.87678856
0.6271089
0.63660204
0.35917133
0.8273243
0.9784314
0.42609388
0.33324346
0.8310652
0.8408533
0.2185402
0.520603
0.9308113
0.4428602
0.35895082
0.45692572
0.6939424
0.89000785
0.58705854
0.7791244
0.8546046
0.665436
0.2557654
0.95004517
0.9758375
0.501563
0.19199865
0.34771594
0.5829845
0.988145
0.14279431
0.46150067
0.9561088
0.92686826
0.607624
0.3398395
0.5094949
0.7539768
0.18517378
0.6633048
0.36180475
0.7658488
0.59331506
0.6479179
0.83400977
0.765156
0.16504388
0.99028194
0.87881684
0.68091184
0.1422649
0.9372275
0.67446184
0.90732145
0.13658099
0.42858058
0.48813057
0.79021317
0.25290322
0.9947307
0.6480655
0.95451933
0.20520024
0.6765362
0.8709877
0.7037123
0.12374066
0.99929833
0.25055054
0.5112896
0.13408342
0.3524225
0.641667
0.99964666
0.13433059
0.594195
0.41181454
0.6011383
0.15414652
0.6224914
0.27297816
0.85312724
0.14501828
0.998218
0.5710828
0.9951565
0.14806187
0.97981584
0.97096246
0.9827806
0.12862152
0.658545
0.3891395
0.6060583
0.14415087
0.9965965
0.5188683
0.96437407
0.16381802
0.5204431
0.40053833
0.61055595
0.15680115
0.9864088
0.7275651
0.79581183
0.116173156
0.9992107
0.6881813
0.5516643
0.12520623
0.6949129
0.38776368
0.9657558
0.13758007
0.9975541
0.8255461
0.9936474
0.11957523
0.99208915
0.40948716
0.9634405
0.11294627
0.9961825
0.9107688
0.5515211
0.1302226
0.91469234
0.46328643
0.99554473
0.12886362
0.8339185
0.89337134
0.9519287
0.11243857
0.98931634
0.46752545
0.94134843
0.111195594
0.98617953
0.8391472
0.98510957
0.11934831
0.86644626
0.8007131
0.60716134
0.12513672
0.9083528
0.7572892
0.93114096
0.11033538
0.94700015
0.8565963
0.92964077
