-2232.8000000000006
-40.300000000000026
-4845.599999999985
-5806.999999999995
-736.7000000000007
-166.89999999999952
-2010.1000000000038
-1705.7000000000023
-2037.7000000000114
-1428.6000000000001
-1980.8000000000056
-474.0
-2157.2999999999956
-3347.399999999995
-79.30000000000005
-636.199999999999
-485.1999999999995
-1035.5000000000073
-700.3000000000002
-1829.1000000000056
-52.50000000000014
-1441.2000000000019
-48.40000000000005
-326.5
-804.1000000000001
-1776.3000000000031
-1429.8000000000009
-1375.8000000000004
-2057.6000000000004
-126.60000000000004
-316.5999999999995
-72.60000000000005
-4658.799999999945
-1431.0
-1335.5
-2661.8999999999987
-2438.5999999999767
-2815.099999999978
-558.200000000001
-3440.3999999999996
-40.00000000000003
-1813.100000000007
-4271.3999999999705
-1005.7000000000028
-2298.299999999998
-2477.89999999996
-51.200000000000045
-922.2000000000005
-102.60000000000022
-463.5000000000001
-38.80000000000004
-3401.899999999994
-1519.5
-2790.4
-822.5000000000034
-35.800000000000026
-215.79999999999973
-63.000000000000085
-637.5000000000023
-99.60000000000004
-654.9999999999984
-42.00000000000003
-1136.7
-128.0
-385.5
-132.69999999999985
-1619.5000000000005
-1700.7999999999988
-2609.099999999982
-3350.399999999998
-566.1000000000001
-164.40000000000003
-550.5
-3228.000000000005
-122.0
-43.500000000000156
-48.80000000000007
-644.8000000000023
-44.30000000000008
-756.3000000000018
-330.6999999999993
-1136.1000000000004
-2445.300000000003
-49.70000000000006
-348.5000000000001
-454.20000000000016
-832.500000000003
-1415.1000000000026
-45.50000000000004
-3207.6000000000013
-1329.3000000000018
-1063.300000000001
-1135.1999999999987
-872.8000000000011
-661.2999999999997
-707.9000000000001
-183.09999999999997
-729.8000000000001
-140.29999999999998
-26.499999999999993
-915.1999999999995
-36.10000000000004
-3922.899999999979
-262.1999999999999
-469.0
-44.30000000000004
-42.80000000000004
-1240.700000000003
-33.20000000000001
-2326.0999999999817
-89.20000000000013
-1344.2
-1205.5999999999997
-26.499999999999993
-34.00000000000003
-1584.0
-1120.1000000000113
-31.499999999999993
-51.40000000000027
-3338.500000000002
-896.1000000000024
-39.800000000000054
-35.10000000000004
-204.0999999999999
-34.400000000000034
-108.40000000000016
-1294.1000000000035
-137.9999999999998
-51.80000000000014
-1924.5
-538.5
-3577.0
-98.80000000000001
-197.2000000000005
-1415.4000000000037
-30.79999999999998
-34.400000000000034
-254.39999999999998
-35.400000000000034
-196.50000000000006
-33.20000000000001
-105.80000000000003
-680.0
-69.00000000000004
-296.1999999999998
-627.4000000000065
-391.9000000000001
-27.199999999999992
-463.8999999999984
-30.799999999999994
-597.400000000001
-1842.9000000000015
-27.199999999999992
-40.800000000000125
-88.50000000000026
-453.8000000000001
-2294.200000000001
-1494.9000000000015
-249.8999999999991
-82.10000000000039
-50.20000000000009
-137.8000000000001
-1467.700000000006
-826.5000000000025
-706.1999999999996
-27.799999999999994
-103.40000000000006
-190.69999999999987
-65.30000000000014
-92.80000000000027
-48.10000000000004
-34.400000000000034
-33.20000000000001
-34.400000000000034
-1312.000000000001
-33.40000000000001
-449.9999999999999
-35.80000000000005
-24.999999999999993
-35.10000000000004
-33.20000000000001
-32.7
-25.499999999999993
-369.7999999999995
-93.20000000000005
-220.49999999999915
-670.2000000000007
-405.0999999999999
-1079.1000000000001
-275.4000000000001
-26.299999999999994
-55.70000000000003
-861.1000000000001
-28.39999999999999
-33.20000000000001
-2491.7
-27.199999999999992
-34.400000000000034
-112.0
-934.5
-27.199999999999992
-2306.5000000000027
-240.5999999999991
-37.20000000000006
-1609.8000000000002
-759.3
-873.0
-30.799999999999994
-34.70000000000003
-34.400000000000034
-130.5
-633.9000000000001
-30.29999999999998
-952.2
-930.0000000000023
-2568.800000000002
-181.20000000000027
-56.20000000000006
-36.50000000000006
-33.40000000000001
-679.1000000000017
-41.400000000000134
-3331.5
-27.399999999999995
-486.3000000000001
-30.199999999999992
-52.800000000000026
-57.40000000000005
-1745.600000000006
-26.499999999999993
-725.5
-865.2000000000003
-2450.6000000000004
-26.499999999999993
-31.199999999999992
-242.39999999999986
-1256.0000000000014
-512.8999999999999
-47.700000000000045
-34.400000000000034
-54.40000000000032
-41.80000000000014
-33.20000000000001
-563.7
-26.499999999999993
-881.4000000000001
-56.00000000000006
-42.400000000000034
-34.400000000000034
-34.70000000000003
-564.4000000000005
-350.19999999999845
-939.3000000000001
-1002.8
-222.89999999999986
-34.400000000000034
-30.599999999999994
-34.60000000000004
-2412.4
-28.199999999999992
-917.8000000000001
-1227.5
-1818.1000000000067
-305.0999999999989
-860.0999999999999
-1791.0
-51.300000000000246
-916.2000000000006
-392.6999999999999
-33.20000000000001
-31.299999999999994
-33.20000000000001
-472.0999999999994
-38.00000000000004
-441.59999999999945
-41.20000000000003
-34.400000000000034
-212.09999999999954
-1684.6999999999998
-52.60000000000004
-1555.1000000000038
-35.30000000000002
-293.00000000000006
-388.7
-456.5999999999996
-1629.6000000000038
-33.800000000000004
-604.5000000000001
-743.5999999999999
-532.1000000000005
-60.70000000000012
-56.80000000000011
-3134.4
-369.8999999999991
-1085.2
-1360.1000000000004
-36.50000000000006
-135.2000000000001
-815.3000000000104
-307.60000000000014
-308.7000000000003
-38.400000000000034
-280.5
-42.60000000000013
-34.400000000000034
-428.0999999999997
-423.5999999999998
-316.30000000000007
-29.299999999999983
-37.90000000000002
-33.60000000000002
-33.20000000000001
-2615.7
-33.100000000000016
-43.10000000000015
-914.0000000000005
-1106.800000000002
-358.4000000000001
-383.9999999999971
-831.5
-32.49999999999999
-76.9000000000002
-39.80000000000004
-1320.3000000000002
-38.70000000000007
-39.300000000000026
-942.4999999999982
-1503.700000000005
-28.899999999999995
-34.20000000000003
-33.40000000000001
-34.400000000000034
-40.400000000000034
-31.499999999999993
-34.70000000000003
-932.5
-28.89999999999999
-33.20000000000001
-180.49999999999994
-359.0000000000003
-1006.8999999999992
-134.29999999999964
-44.10000000000005
-41.400000000000134
-55.40000000000018
-728.0
-1047.6
-26.699999999999992
-1558.0
-26.499999999999993
-523.2000000000024
-706.2000000000035
-33.60000000000002
-2777.5
-1196.7
-210.39999999999998
-1882.9000000000005
-2740.5000000000023
-34.400000000000034
-42.800000000000054
-725.4000000000001
-462.9999999999999
-505.2000000000001
-26.699999999999992
-1211.0
-27.199999999999992
-589.5
-748.999999999999
-29.299999999999994
-39.20000000000003
-2269.4
-28.199999999999992
-31.699999999999992
-1155.4999999999998
-179.19999999999953
-34.400000000000034
-686.3000000000004
-1009.8000000000031
-315.39999999999986
-311.2999999999999
-74.50000000000003
-1088.7000000000003
-122.30000000000007
-33.00000000000001
-1188.0
-27.199999999999992
-350.9999999999996
-930.5
-29.59999999999999
-166.59999999999997
-205.69999999999993
-350.0000000000002
-297.0
-1067.4999999999986
-29.09999999999999
-1762.3000000000002
-531.7000000000004
-107.0
-255.1999999999999
-34.400000000000034
-791.8999999999994
-49.200000000000045
-203.40000000000015
-2546.9999999999986
-34.400000000000034
-502.9000000000001
-31.59999999999998
-143.59999999999968
-1232.3999999999996
-1954.700000000005
-33.20000000000001
-137.19999999999993
-287.39999999999975
-347.20000000000016
-253.70000000000013
-1944.9
-37.700000000000074
-357.09999999999934
-34.400000000000034
-65.60000000000018
-579.9000000000004
-37.50000000000003
-560.0000000000027
-1099.5
-2675.7999999999984
-615.6000000000015
-879.3000000000005
-1795.1000000000054
-35.30000000000004
-75.3000000000001
-34.400000000000034
-34.400000000000034
-49.50000000000014
-40.50000000000004
-1847.3000000000002
-27.39999999999999
-554.5000000000005
-26.499999999999993
-73.20000000000013
-2263.099999999998
-33.40000000000001
-324.5000000000002
-779.5000000000001
-521.0000000000013
-34.400000000000034
-267.29999999999984
-35.70000000000003
-781.3000000000005
-34.400000000000034
-34.400000000000034
-33.20000000000001
-36.10000000000004
-37.800000000000026
-34.400000000000034
-33.20000000000001
-803.9000000000011
-942.5
-50.30000000000007
-315.0
-43.60000000000005
-1334.8000000000027
-41.20000000000013
-38.50000000000003
-40.200000000000045
-655.2000000000003
-184.80000000000013
-1250.5000000000014
-27.199999999999992
-936.9000000000001
-59.90000000000005
-43.00000000000014
-425.09999999999997
-31.699999999999992
-34.400000000000034
-70.50000000000027
-34.400000000000034
-351.1999999999997
-680.8000000000001
-31.499999999999982
-347.4000000000003
-35.900000000000034
-126.5
-58.80000000000012
-169.5
-198.799999999999
-32.7
-561.9000000000033
-205.10000000000022
-172.4999999999998
-1248.5000000000002
-1130.2000000000041
-2724.300000000003
-352.5
-65.80000000000008
-58.90000000000029
-1094.100000000004
-148.2
-572.9000000000028
-148.6999999999999
-35.30000000000004
-34.400000000000034
-34.400000000000034
-34.400000000000034
-44.60000000000006
-1583.1999999999996
-31.699999999999992
-36.10000000000004
-485.0
-295.5999999999999
-432.4999999999994
-1180.5
-2339.79999999997
-38.20000000000009
-1114.4
-2308.2
-390.19999999999874
-299.90000000000003
-1143.9
-29.199999999999992
-33.40000000000001
-1982.700000000001
-37.30000000000004
-36.10000000000004
-44.50000000000013
-286.69999999999976
-1715.5
-31.79999999999998
-43.000000000000064
-34.400000000000034
-65.7000000000002
-2399.4000000000046
-1317.7
-27.199999999999992
-1273.4
-567.5000000000005
-924.5000000000114
-39.300000000000026
-156.60000000000014
-4983.299999999998
-2197.200000000004
-145.5
-26.499999999999993
-116.8000000000001
-435.80000000000007
-239.8999999999999
-57.20000000000006
-44.700000000000045
-926.0000000000036
-35.900000000000034
-33.20000000000001
-449.49999999999966
-1123.5
-2124.9000000000015
-27.699999999999992
-43.20000000000016
-1933.099999999999
-635.1
-972.3000000000047
-2011.800000000005
-1199.600000000006
-38.50000000000003
-23.799999999999994
-39.5000000000001
-475.89999999999935
-459.99999999999994
-390.29999999999893
-1443.6000000000006
-1195.2000000000005
-44.10000000000012
-3105.0999999999995
-89.3
-171.00000000000006
-65.70000000000014
-815.3999999999996
-1719.3000000000015
-26.39999999999999
-157.29999999999993
-921.799999999999
-27.99999999999999
-83.50000000000026
-62.20000000000012
-1020.5000000000036
-349.19999999999953
-2858.899999999999
-26.499999999999993
-56.40000000000016
-460.39999999999947
-107.50000000000023
-43.10000000000005
-44.60000000000005
-1839.7000000000016
-604.3999999999999
-34.400000000000034
-41.60000000000004
-1466.6
-32.5
-33.40000000000001
-34.400000000000034
-34.400000000000034
-34.20000000000003
-1365.6000000000022
-1101.3000000000006
-2111.4000000000015
-346.39999999999947
-37.30000000000004
-34.400000000000034
-35.00000000000004
-552.0000000000002
-27.599999999999994
-33.20000000000001
-34.400000000000034
-31.999999999999993
-33.20000000000001
-60.20000000000013
-659.3000000000021
-33.20000000000001
-34.400000000000034
-1334.2000000000005
-78.10000000000018
-72.60000000000042
-851.2000000000005
-28.39999999999999
-1166.7
-28.39999999999999
-74.90000000000018
-1144.6000000000038
-35.10000000000004
-37.80000000000004
-37.40000000000008
-45.800000000000146
-36.80000000000004
-34.900000000000034
-833.000000000002
-34.00000000000003
-34.80000000000004
-33.20000000000001
-32.199999999999996
-43.600000000000165
-214.99999999999974
-69.20000000000014
-999.1
-27.199999999999992
-33.20000000000001
-159.7
-105.0
-173.19999999999987
-1603.1000000000058
-551.8000000000005
-34.400000000000034
-138.60000000000008
-1328.9
-650.7000000000005
-70.40000000000026
-106.00000000000003
-36.10000000000004
-975.1000000000005
-1953.4
-942.8000000000021
-2236.800000000004
-96.60000000000002
-138.09999999999974
-34.400000000000034
-500.79999999999956
-28.39999999999999
-511.2999999999993
-1385.0
-45.80000000000018
-2046.7000000000023
-3625.400000000002
-403.4999999999993
-36.400000000000034
-184.0000000000001
-2735.49999999995
-26.999999999999993
-467.0999999999999
-672.3000000000036
-1291.7000000000016
-101.60000000000052
-5283.799999999968
-579.0
-171.09999999999997
-27.899999999999988
-130.99999999999983
-40.60000000000004
-53.20000000000006
-76.10000000000026
-311.60000000000014
-388.0999999999987
-33.20000000000001
-34.400000000000034
-35.10000000000002
-989.7999999999973
-3392.1999999999966
-294.3000000000002
-601.5000000000005
-512.0999999999999
-29.199999999999992
-34.400000000000034
-1635.0000000000027
-26.499999999999993
-50.60000000000026
-1723.7
-427.59999999999934
-2076.8
-1136.5000000000007
-36.60000000000004
-94.10000000000002
-902.5000000000005
-506.0
-118.0
-28.199999999999992
-374.7999999999989
-2239.6000000000013
-2638.2
-34.900000000000034
-34.400000000000034
-35.10000000000002
-965.5
-1616.1000000000024
-71.20000000000006
-37.300000000000026
-25.999999999999993
-33.20000000000001
-826.9000000000001
-329.5999999999999
-32.5
-588.300000000006
-45.00000000000018
-34.400000000000034
-33.60000000000001
-1763.1999999999991
-65.90000000000035
-34.400000000000034
-33.20000000000001
-34.400000000000034
-34.400000000000034
-257.20000000000005
-1738.600000000004
-663.4000000000001
-1233.4000000000074
-1042.6000000000001
-56.40000000000008
-42.10000000000005
-375.80000000000007
-34.70000000000004
-34.400000000000034
-442.10000000000014
-27.79999999999999
-101.0000000000002
-37.800000000000026
-1741.800000000011
-36.60000000000004
-29.299999999999994
-610.4000000000001
-3064.0
-784.7000000000044
-489.3999999999999
-34.00000000000003
-1814.5
-276.0999999999997
-38.00000000000008
-232.40000000000012
-1482.8000000000088
-43.70000000000014
-43.800000000000054
-34.400000000000034
-528.6000000000003
-32.5
-1307.6000000000029
-333.2999999999991
-115.0
-1659.4
-1370.2000000000014
-56.80000000000004
-55.00000000000027
-657.7000000000003
-26.499999999999993
-40.400000000000034
-143.10000000000008
-466.7999999999999
-34.300000000000026
-33.700000000000024
-1270.2000000000005
-40.20000000000003
-175.6999999999999
-36.10000000000004
-706.700000000002
-1270.5
-46.00000000000003
-356.1999999999995
-135.29999999999998
-102.5
-27.899999999999988
-755.9999999999998
-388.3999999999996
-28.399999999999988
-50.2000000000001
-34.400000000000034
-38.400000000000034
-35.60000000000004
-1523.6000000000006
-372.9999999999997
-33.20000000000001
-40.10000000000004
-59.800000000000395
-361.0
-26.499999999999993
-70.40000000000023
-40.60000000000004
-767.9000000000004
-57.200000000000145
-91.60000000000015
-35.60000000000005
-33.20000000000001
-142.0999999999999
-36.20000000000003
-34.400000000000034
-91.30000000000018
-34.400000000000034
-559.6000000000004
-42.20000000000003
-136.80000000000024
-144.0999999999999
-41.20000000000003
-660.1999999999996
-38.90000000000007
-859.1000000000004
-34.400000000000034
-39.60000000000004
-840.4000000000009
-1743.1
-27.89999999999999
-574.4000000000001
-1335.9
-657.1000000000004
-765.5
-407.29999999999905
-33.20000000000001
-244.39999999999952
-35.60000000000002
-34.20000000000003
-36.70000000000003
-33.20000000000001
-33.20000000000001
-33.20000000000001
-34.60000000000004
-34.400000000000034
-127.00000000000007
-868.8
-148.99999999999986
-44.400000000000034
-37.10000000000004
-55.50000000000008
-1079.2
-27.199999999999992
-165.0
-34.400000000000034
-429.30000000000007
-26.499999999999993
-58.20000000000019
-33.20000000000001
-45.40000000000008
-35.80000000000004
-35.10000000000004
-76.80000000000044
-167.5999999999999
-151.5
-67.1000000000002
-3896.1999999999916
-24.799999999999994
-956.8999999999999
-420.00000000000017
-694.5000000000001
-26.999999999999993
-1438.3000000000059
-89.40000000000074
-42.700000000000145
-306.5999999999999
-34.400000000000034
-292.5
-58.20000000000002
-36.60000000000004
-34.60000000000004
-31.699999999999992
-32.7
-34.400000000000034
-1216.8000000000002
-24.999999999999993
-34.400000000000034
-34.60000000000004
-206.40000000000015
-631.4000000000017
-39.700000000000045
-51.800000000000026
-59.90000000000013
-1053.3000000000034
-405.99999999999994
-34.20000000000003
-33.20000000000001
-930.2000000000006
-106.10000000000022
-314.39999999999975
-1747.7999999999997
-325.0
-28.89999999999999
-1307.1000000000008
-34.400000000000034
-179.99999999999886
-805.9000000000028
-52.30000000000004
-34.400000000000034
-35.40000000000004
-190.5
-1421.0
-113.30000000000037
-245.5
-3826.399999999995
-27.199999999999992
-118.30000000000041
-935.0
-120.5
-27.699999999999992
-630.5000000000036
-35.70000000000003
-36.10000000000004
-2642.2999999999993
-26.999999999999993
-201.9999999999999
-36.60000000000004
-34.400000000000034
-42.200000000000124
-1228.3000000000009
-1517.9999999999998
-274.5
-26.999999999999993
-437.8000000000001
-1243.6
-1323.1000000000008
-1092.0
-901.0
-25.699999999999992
-471.1999999999997
-1158.699999999999
-182.80000000000007
-782.2000000000006
-46.50000000000003
-181.59999999999982
-436.5000000000002
-1669.0999999999997
-26.499999999999993
-36.10000000000004
-1600.9000000000005
-62.70000000000017
-504.5000000000001
-1687.5
-35.90000000000003
-33.50000000000002
-538.799999999998
-1727.1000000000001
-41.10000000000004
-764.5
-26.499999999999993
-31.89999999999999
-40.30000000000004
-491.5
-631.3999999999997
-41.10000000000005
-400.20000000000005
-41.80000000000012
-41.300000000000026
-1122.5000000000005
-41.90000000000013
-1029.2999999999993
-840.1000000000004
-45.1000000000001
-34.400000000000034
-44.80000000000004
-1479.2
-59.30000000000015
-77.30000000000013
-327.5999999999994
-670.6000000000013
-936.800000000002
-43.10000000000004
-34.400000000000034
-34.400000000000034
-383.3999999999998
-84.00000000000071
-95.60000000000002
-451.4
-570.0999999999977
-2089.2000000000144
-379.0999999999997
-34.400000000000034
-110.50000000000004
-31.699999999999992
-125.30000000000025
-440.09999999999945
-242.0999999999999
-506.50000000000006
-227.5
-1259.0000000000005
-590.2000000000005
-316.8000000000001
-404.2999999999973
-42.70000000000003
-34.400000000000034
-2886.5
-556.0999999999997
-28.199999999999992
-122.80000000000028
-57.10000000000005
-228.5
-2270.499999999997
-1023.5000000000017
-1959.6000000000072
-3375.0000000000055
-1377.2
-36.40000000000001
-33.20000000000001
-34.20000000000003
-681.8000000000002
-39.900000000000084
-34.400000000000034
-34.400000000000034
-1942.4000000000024
-808.9
-107.00000000000006
-472.8000000000003
-34.400000000000034
-858.2000000000019
-33.20000000000001
-51.80000000000027
-1388.0
-675.3000000000004
-37.700000000000045
-612.0
-27.199999999999992
-360.4999999999999
-268.70000000000005
-1371.1000000000042
-704.4000000000008
-1361.300000000004
-244.0
-205.5
-26.499999999999993
-249.0999999999999
-34.900000000000034
-34.400000000000034
-569.0
-27.799999999999994
-1655.0999999999992
-36.60000000000004
-35.900000000000034
-1057.0000000000005
-44.60000000000018
-34.60000000000004
-1606.000000000003
-107.00000000000003
-34.400000000000034
-208.7999999999991
-505.89999999999975
-286.0
-906.3
-27.999999999999993
-34.400000000000034
-976.1999999999997
-471.59999999999997
-32.900000000000006
-34.400000000000034
-1017.7000000000005
-75.30000000000017
-314.2999999999999
-466.6999999999995
-1647.1000000000004
-28.699999999999992
-117.40000000000019
-211.49999999999997
-550.8000000000002
-233.9999999999997
-34.20000000000003
-34.400000000000034
-34.400000000000034
-33.20000000000001
-34.400000000000034
-29.99999999999999
-581.2000000000003
-33.20000000000001
-159.0999999999999
-33.700000000000024
-212.59999999999891
-429.30000000000007
-43.60000000000008
-34.400000000000034
-33.20000000000001
-89.90000000000023
-301.2999999999992
-2577.400000000002
-30.499999999999993
-409.0
-152.39999999999998
-32.3
-152.5
-124.10000000000004
-1108.0
-2847.800000000001
-27.199999999999992
-41.900000000000134
-45.80000000000008
-111.80000000000013
-34.400000000000034
-34.400000000000034
-886.6999999999998
-199.29999999999941
-840.5000000000009
-34.400000000000034
-33.20000000000001
-37.400000000000034
-34.400000000000034
-34.40000000000003
-1659.0
-34.60000000000004
-99.4000000000003
-101.80000000000003
-39.00000000000004
-35.900000000000034
-35.300000000000026
-296.4
-39.80000000000008
-1075.4
-27.999999999999993
-33.20000000000001
-533.3000000000009
-43.600000000000165
-58.80000000000004
-35.10000000000004
-34.400000000000034
-34.400000000000034
-798.6000000000001
-152.49999999999991
-1679.2
-1244.700000000002
-72.00000000000003
-33.20000000000001
-31.699999999999992
-58.30000000000015
-214.40000000000006
-156.09999999999988
-1465.6000000000026
-35.60000000000002
-34.400000000000034
-34.400000000000034
-1805.5000000000002
-32.7
-514.6000000000001
-459.2999999999995
-45.40000000000005
-2875.8
-926.9000000000001
-36.400000000000055
-423.4999999999997
-35.40000000000004
-44.20000000000006
-30.39999999999999
-495.1999999999999
-49.50000000000004
-33.20000000000001
-357.39999999999975
-60.00000000000017
-1362.2000000000032
-527.1000000000004
-34.00000000000003
-508.8000000000001
-27.09999999999999
-33.20000000000001
-1040.1999999999994
-26.499999999999993
-293.6000000000003
-33.20000000000001
-31.699999999999992
-569.0000000000005
-144.80000000000013
-29.69999999999998
-33.20000000000001
-34.400000000000034
-1693.2000000000078
-455.5999999999999
-44.4000000000001
-1701.4000000000071
-114.10000000000008
-826.5999999999992
-32.5
-34.70000000000003
-1725.1000000000001
-24.799999999999994
-93.70000000000049
-34.70000000000003
-34.20000000000003
-34.60000000000004
-1294.200000000001
-26.499999999999993
-34.60000000000004
-159.69999999999982
-348.3
-41.50000000000003
-45.90000000000006
-95.90000000000002
-352.5
-40.900000000000034
-37.900000000000034
-58.400000000000105
-33.700000000000024
-36.50000000000004
-958.5
-40.80000000000012
-188.70000000000013
-34.400000000000034
-1764.4
-34.70000000000003
-2012.2
-2282.8000000000015
-1372.8000000000106
-236.09999999999997
-32.099999999999994
-865.2000000000022
-31.699999999999992
-708.1999999999999
-30.29999999999999
-34.00000000000003
-149.80000000000004
-26.999999999999993
-34.400000000000034
-1251.7999999999997
-148.09999999999985
-1523.3000000000004
-37.60000000000002
-1423.0000000000014
-33.40000000000001
-41.00000000000003
-29.399999999999984
-51.30000000000019
-414.80000000000007
-26.499999999999993
-35.30000000000004
-1105.4000000000003
-858.3000000000001
-28.099999999999994
-691.0999999999993
-26.499999999999993
-172.5
-29.89999999999999
-34.400000000000034
-35.50000000000003
-62.30000000000024
-467.0
-26.999999999999993
-41.00000000000012
-33.20000000000001
-930.3000000000025
-214.19999999999985
-452.69999999999925
-421.19999999999993
-45.40000000000012
-33.20000000000001
-1070.6000000000004
-34.400000000000034
-34.20000000000003
-37.50000000000003
-45.50000000000003
-34.400000000000034
-34.400000000000034
-32.5
-216.1999999999996
-32.5
-34.400000000000034
-2512.699999999998
-33.20000000000001
-780.8
-26.499999999999993
-837.100000000006
-27.299999999999994
-1230.3000000000002
-26.999999999999993
-57.60000000000015
-388.20000000000016
-26.799999999999994
-47.30000000000011
-33.800000000000026
-133.90000000000015
-345.1999999999998
-50.800000000000026
-32.7
-999.6000000000001
-33.00000000000001
-153.00000000000009
-26.299999999999994
-31.699999999999992
-35.80000000000004
-617.7000000000048
-219.99999999999915
-77.70000000000009
-34.400000000000034
-500.3999999999999
-33.700000000000024
-1332.4
-26.299999999999994
-693.1999999999994
-25.499999999999993
-1465.600000000001
-1489.3000000000006
-25.499999999999993
-40.60000000000012
-200.00000000000028
-849.7000000000012
-1970.1000000000001
-48.700000000000045
-34.400000000000034
-71.40000000000013
-237.29999999999905
-2179.0
-158.80000000000007
-34.000000000000014
-851.4000000000041
-473.5999999999995
-146.89999999999986
-33.20000000000001
-413.60000000000014
-37.60000000000004
-769.5999999999989
-157.99999999999994
-1330.3000000000006
-35.10000000000004
-36.00000000000006
-40.20000000000006
-244.80000000000004
-1569.499999999999
-108.39999999999999
-60.70000000000033
-31.699999999999992
-290.9999999999999
-70.10000000000015
-33.20000000000001
-625.3000000000061
-37.60000000000002
-273.19999999999993
-191.7000000000004
-133.70000000000005
-116.5
-694.6000000000001
-33.40000000000001
-160.70000000000013
-39.300000000000026
-34.400000000000034
-180.5999999999998
-42.80000000000015
-1598.2000000000035
-1649.600000000001
-27.199999999999992
-34.400000000000034
-63.40000000000012
-965.0000000000001
-29.999999999999993
-108.30000000000037
-876.4000000000094
-31.699999999999992
-36.10000000000004
-35.200000000000045
-510.6999999999998
-233.50000000000006
-1552.8999999999992
-26.499999999999993
-33.60000000000002
-1561.1000000000001
-42.50000000000004
-39.60000000000011
-34.400000000000034
-522.8999999999992
-36.60000000000004
-34.400000000000034
-33.700000000000024
-35.10000000000004
-777.5000000000002
-27.999999999999993
-753.0
-51.00000000000002
-36.10000000000004
-35.80000000000005
-471.70000000000016
-467.89999999999964
-1065.5
-1035.6000000000004
-223.70000000000022
-39.80000000000007
-34.400000000000034
-560.7
-28.199999999999996
-1915.099999999999
-27.999999999999993
-1503.2000000000003
-26.999999999999993
-1030.8000000000002
-1781.0000000000032
-145.0
-623.2
-25.499999999999993
-356.3000000000002
-43.400000000000034
-412.59999999999917
-26.499999999999993
-33.700000000000024
-52.70000000000006
-37.300000000000026
-695.4000000000004
-34.20000000000003
-1466.1000000000001
-26.999999999999993
-1252.4000000000067
-827.0000000000032
-374.29999999999995
-214.29999999999984
-45.700000000000124
-33.20000000000001
-34.400000000000034
-41.20000000000013
-88.10000000000012
-383.3999999999998
-33.20000000000001
-34.400000000000034
-251.20000000000005
-605.2000000000003
-43.500000000000135
-2889.000000000003
-354.1999999999996
-59.80000000000011
-289.3999999999998
-26.299999999999994
-758.1000000000006
-34.400000000000034
-41.00000000000013
-34.400000000000034
-358.5999999999999
-36.80000000000004
-39.900000000000105
-259.3999999999994
-34.400000000000034
-35.900000000000034
-1783.3000000000068
-33.20000000000001
-310.29999999999984
-39.60000000000002
-33.20000000000001
-34.400000000000034
-65.50000000000013
-190.3000000000001
-1725.5
-1411.1999999999994
-190.0
-26.299999999999994
-716.0000000000009
-34.400000000000034
-34.50000000000003
-497.50000000000006
-26.299999999999994
-36.10000000000004
-124.60000000000011
-304.7
-26.299999999999994
-36.10000000000004
-36.00000000000005
-46.90000000000005
-376.9000000000001
-183.3999999999999
-607.4000000000028
-258.0
-222.90000000000006
-26.499999999999993
-680.9000000000001
-26.999999999999993
-551.7000000000021
-34.20000000000003
-639.5
-38.30000000000004
-927.5
-146.59999999999985
-36.10000000000004
-34.00000000000003
-1411.9
-104.20000000000006
-33.20000000000001
-1506.5000000000034
-1304.000000000004
-1520.5000000000025
-37.30000000000004
-264.1000000000001
-596.3000000000001
-26.999999999999993
-87.50000000000028
-685.5000000000015
-611.0
-35.10000000000004
-127.00000000000033
-44.50000000000017
-387.5
-26.999999999999993
-34.400000000000034
-1226.8000000000002
-48.80000000000008
-1945.8000000000004
-26.499999999999993
-1567.500000000006
-59.300000000000225
-57.40000000000015
-35.60000000000004
-1164.1000000000015
-1554.3000000000018
-1006.3000000000034
-355.69999999999897
-48.60000000000005
-49.10000000000005
-26.999999999999993
-38.400000000000034
-931.5
-239.4999999999997
-666.7999999999993
-913.7000000000002
-1225.0
-112.80000000000003
-546.0000000000033
-35.10000000000004
-181.49999999999991
-43.300000000000026
-34.400000000000034
-33.20000000000001
-782.4000000000001
-226.30000000000007
-57.60000000000016
-34.20000000000003
-49.0000000000002
-922.8999999999996
-779.3000000000002
-238.3999999999999
-43.10000000000004
-723.5999999999997
-34.60000000000004
-1281.7000000000053
-1130.6000000000004
-860.8000000000002
-296.49999999999994
-605.8000000000001
-26.999999999999993
-58.100000000000364
-147.5999999999995
-100.80000000000018
-376.7
-34.400000000000034
-33.20000000000001
-31.699999999999992
-507.5
-44.400000000000034
-337.39999999999975
-27.199999999999992
-1498.9000000000012
-65.80000000000005
-35.10000000000004
-1607.8999999999983
-28.099999999999994
-1851.6
-26.699999999999992
-32.7
-64.50000000000017
-33.20000000000001
-65.40000000000022
-186.0
-26.499999999999993
-34.400000000000034
-1198.0
-26.499999999999993
-73.70000000000013
-753.4
-26.999999999999993
-37.80000000000008
-1706.3
-146.399999999999
-182.59999999999764
-732.4999999999998
-51.00000000000002
-31.699999999999992
-64.50000000000026
-1708.1
-43.30000000000004
-40.10000000000004
-52.70000000000028
-187.49999999999983
-574.0
-27.499999999999993
-262.8999999999999
-36.10000000000004
-141.60000000000008
-87.70000000000012
-656.6000000000001
-2007.9000000000065
-185.70000000000033
-145.10000000000008
-26.499999999999993
-36.10000000000004
-278.1
-672.4
-714.7
-30.99999999999998
-1076.6000000000004
-653.0999999999982
-36.300000000000026
-412.59999999999997
-677.3000000000002
-290.4999999999998
-44.200000000000045
-34.400000000000034
-33.20000000000001
-412.0000000000001
-318.4999999999989
-35.10000000000004
-671.2999999999993
-26.499999999999993
-34.00000000000003
-36.400000000000034
-41.300000000000026
-1164.5
-79.1000000000002
-38.300000000000026
-38.90000000000009
-427.90000000000003
-2548.9000000000015
-26.299999999999994
-56.80000000000025
-325.2999999999996
-124.8000000000003
-2202.4999999999955
-795.3000000000004
-55.2000000000002
-38.100000000000065
-1739.6000000000054
-613.7000000000022
-876.0
-26.799999999999994
-33.20000000000001
-1511.9
-47.9000000000002
-614.5
-24.799999999999994
-438.2999999999984
-31.699999999999992
-1554.3000000000002
-27.999999999999993
-33.20000000000001
-33.20000000000001
-203.99999999999983
-594.6
-66.6000000000002
-758.5
-26.39999999999999
-34.400000000000034
-44.50000000000004
-32.5
-651.2000000000005
-33.20000000000001
-694.4000000000015
-34.20000000000003
-34.400000000000034
-34.400000000000034
-353.89999999999986
-41.800000000000026
-38.90000000000002
-31.499999999999993
-34.400000000000034
-78.10000000000007
-33.20000000000001
-75.80000000000022
-60.000000000000085
-561.6000000000006
-34.400000000000034
-34.80000000000003
-1261.2
-26.499999999999993
-394.40000000000015
-26.299999999999994
-114.80000000000004
-26.499999999999993
-1172.4
-40.00000000000004
-34.900000000000034
-543.2
-712.6000000000026
-31.299999999999994
-27.199999999999992
-36.10000000000004
-624.4000000000007
-34.900000000000034
-41.600000000000136
-43.00000000000003
-33.20000000000001
-34.400000000000034
-39.400000000000105
-224.0
-38.800000000000026
-34.400000000000034
-385.4999999999999
-1696.8000000000002
-805.6000000000006
-43.30000000000015
-1088.4
-782.9
-26.999999999999993
-34.400000000000034
-683.8000000000002
-26.999999999999993
-33.20000000000001
-2491.2000000000025
-34.70000000000003
-2104.400000000001
-448.5
-26.999999999999993
-34.10000000000003
-668.7000000000004
-3312.9999999999964
-33.20000000000001
-33.20000000000001
-1294.6000000000017
-48.700000000000216
-260.0
-925.6000000000001
-869.4
-26.09999999999999
-903.9999999999998
-31.199999999999978
-657.1000000000001
-26.499999999999993
-34.00000000000003
-41.60000000000004
-31.699999999999992
-33.700000000000024
-611.4000000000024
-44.30000000000004
-52.50000000000003
-730.4000000000005
-707.9999999999998
-26.299999999999994
-75.70000000000017
-393.3999999999994
-45.400000000000034
-1131.0
-26.499999999999993
-65.20000000000013
-39.80000000000004
-247.79999999999882
-1892.5000000000002
-1196.5000000000036
-262.59999999999945
-26.499999999999993
-34.400000000000034
-48.20000000000003
-34.60000000000004
-34.400000000000034
-34.400000000000034
-31.699999999999992
-36.00000000000006
-1783.0
-39.900000000000034
-50.50000000000006
-163.90000000000003
-27.999999999999993
-569.5
-493.7999999999999
-725.1000000000047
-49.40000000000006
-100.70000000000005
-59.10000000000009
-36.900000000000034
-603.3000000000002
-967.0
-30.39999999999998
-36.20000000000006
-679.6999999999991
-441.09999999999815
-27.999999999999993
-1165.2
-26.699999999999992
-675.8000000000002
-34.400000000000034
-49.20000000000024
-35.80000000000004
-1204.6000000000004
-121.70000000000027
-1013.7000000000007
-58.60000000000012
-27.799999999999994
-69.9000000000002
-43.20000000000006
-95.5000000000001
-33.20000000000001
-3026.3999999999523
-40.30000000000004
-36.10000000000004
-1223.2000000000069
-342.79999999999995
-167.49999999999983
-134.99999999999966
-688.8000000000002
-28.39999999999999
-34.80000000000003
-129.30000000000004
-817.2000000000039
-26.499999999999993
-39.50000000000004
-34.400000000000034
-985.7000000000081
-259.79999999999984
-38.700000000000045
-83.90000000000016
-111.5
-26.499999999999993
-43.90000000000006
-34.60000000000004
-183.19999999999888
-647.1999999999996
-50.80000000000006
-1111.0000000000107
-1419.8000000000002
-289.5
-30.39999999999999
-34.400000000000034
-31.999999999999993
-125.30000000000005
-1357.4000000000024
-498.90000000000015
-95.10000000000007
-2102.7999999999993
-584.2000000000003
-841.2000000000007
-967.1000000000026
-49.40000000000025
-348.09999999999997
-304.00000000000006
-26.499999999999993
-648.0000000000025
-615.9000000000026
-542.5
-54.000000000000156
-1374.5
-27.499999999999993
-2425.699999999999
-34.80000000000004
-1296.1000000000058
-603.0000000000001
-26.999999999999993
-161.89999999999964
-1302.2000000000003
-26.299999999999994
-34.400000000000034
-371.89999999999975
-253.39999999999878
-55.90000000000005
-38.000000000000085
-1280.8000000000027
-1062.9000000000008
-34.400000000000034
-509.799999999999
-1638.4000000000035
-26.299999999999994
-80.6000000000004
-415.0999999999997
-59.300000000000026
-4374.9999999999745
-34.60000000000004
-781.5
-1169.6
-27.299999999999994
-41.20000000000012
-37.200000000000074
-1834.900000000005
-34.400000000000034
-1084.8000000000006
-340.0
-26.999999999999993
-40.60000000000004
-61.2000000000003
-47.10000000000002
-41.600000000000136
-33.20000000000001
-170.99999999999915
-57.400000000000105
-31.699999999999992
-76.10000000000015
-33.700000000000024
-59.90000000000006
-1774.1000000000004
-44.50000000000003
-31.999999999999993
-73.50000000000007
-34.400000000000034
-40.20000000000011
-73.10000000000007
-483.3
-35.10000000000004
-50.70000000000003
-389.20000000000016
-30.69999999999999
-274.6000000000001
-36.30000000000003
-356.1000000000001
-142.39999999999998
-26.499999999999993
-34.400000000000034
-33.20000000000001
-1898.2
-49.900000000000226
-390.99999999999983
-40.400000000000034
-37.40000000000008
-36.10000000000004
-441.30000000000007
-124.80000000000021
-28.499999999999993
-276.8000000000001
-1378.2999999999997
-1298.900000000001
-1343.5000000000014
-34.400000000000034
-34.400000000000034
-34.400000000000034
-434.30000000000007
-25.499999999999993
-196.60000000000016
-866.2
-194.0
-40.900000000000105
-49.20000000000009
-35.80000000000004
-33.20000000000001
-348.19999999999953
-408.4999999999999
-297.4000000000001
-48.90000000000006
-911.1000000000008
-243.99999999999935
-38.80000000000007
-57.10000000000008
-56.0000000000001
-1820.499999999999
-1032.1000000000001
-34.20000000000003
-175.60000000000002
-117.90000000000013
-33.20000000000001
-1048.8000000000002
-111.50000000000016
-217.29999999999785
-833.8000000000001
-29.999999999999982
-44.800000000000104
-614.8000000000006
-177.59999999999997
-34.60000000000004
-38.400000000000084
-34.60000000000004
-687.9000000000001
-1774.4000000000015
-69.80000000000028
-1261.2
-26.199999999999992
-280.0
-58.20000000000003
-39.30000000000004
-33.20000000000001
-34.400000000000034
-36.10000000000004
-3029.5999999999894
-59.70000000000017
-1087.4000000000005
-888.4000000000017
-314.29999999999865
-517.3000000000001
-1071.8000000000002
-40.50000000000003
-250.29999999999984
-227.30000000000015
-27.199999999999992
-34.400000000000034
-36.10000000000004
-721.5
-2846.5000000000127
-1488.0000000000002
-26.999999999999993
-958.1000000000015
-1109.8000000000043
-34.400000000000034
-33.20000000000001
-41.10000000000004
-33.20000000000001
-1746.2999999999995
-33.20000000000001
-34.400000000000034
-35.60000000000004
-174.5999999999999
-1610.3000000000077
-36.30000000000006
-187.5999999999998
-521.5
-71.90000000000016
-34.400000000000034
-34.400000000000034
-37.00000000000007
-46.0000000000002
-33.20000000000001
-34.70000000000003
-996.0
-46.900000000000034
-33.20000000000001
-817.1000000000001
-1753.8000000000034
-26.499999999999993
-1203.1000000000029
-34.60000000000004
-34.400000000000034
-3071.8
-178.49999999999858
-30.09999999999999
-33.40000000000001
-561.2
-47.50000000000007
-161.70000000000007
-56.10000000000004
-107.70000000000005
-113.60000000000043
-694.4000000000008
-214.20000000000036
-29.799999999999994
-856.2000000000007
-35.80000000000004
-1578.9
-257.5999999999987
-51.80000000000004
-476.70000000000005
-26.499999999999993
-61.900000000000276
-32.89999999999999
-34.20000000000003
-1262.9
-3535.2
-26.199999999999992
-35.80000000000004
-78.60000000000016
-34.400000000000034
-34.400000000000034
-318.4000000000005
-1861.9000000000003
-168.20000000000033
-291.49999999999994
-34.400000000000034
-40.30000000000004
-1045.4000000000008
-833.0000000000005
-43.70000000000016
-58.300000000000125
-33.20000000000001
-34.400000000000034
-32.7
-131.40000000000003
-34.400000000000034
-404.9000000000006
-234.39999999999998
-270.19999999999953
-36.10000000000004
-34.400000000000034
-791.700000000002
-26.499999999999993
-1076.6
-26.499999999999993
-1178.8000000000006
-350.0
-115.10000000000012
-48.00000000000006
-341.4
-1040.5
-27.89999999999999
-44.400000000000134
-112.50000000000017
-1409.1000000000045
-34.400000000000034
-34.400000000000034
-1335.4
-1086.0000000000007
-32.7
-173.3000000000001
-380.80000000000007
-36.30000000000004
-33.20000000000001
-334.3999999999995
-794.0000000000005
-926.7000000000032
-32.5
-176.4999999999999
-409.1999999999994
-660.300000000002
-37.30000000000004
-1151.8000000000002
-29.199999999999992
-124.30000000000011
-3496.1999999999916
-1304.3000000000002
-28.499999999999993
-34.400000000000034
-637.8000000000002
-26.799999999999994
-268.09999999999917
-467.20000000000005
-29.799999999999994
-597.9999999999999
-100.0
-1059.1
-40.20000000000003
-34.400000000000034
-40.20000000000003
-34.10000000000001
-43.80000000000004
-46.10000000000005
-39.90000000000009
-31.499999999999993
-445.0
-109.30000000000003
-24.799999999999994
-184.89999999999972
-34.400000000000034
-3127.900000000008
-1080.1000000000026
-37.10000000000004
-41.50000000000013
-971.7000000000005
-41.800000000000054
-171.1999999999997
-35.900000000000034
-34.400000000000034
-35.400000000000034
-48.10000000000012
-34.400000000000034
-321.89999999999935
-1348.9000000000103
-34.900000000000034
-36.60000000000006
-34.20000000000003
-686.5
-1757.5000000000007
-34.400000000000034
-180.4999999999999
-32.800000000000004
-33.20000000000001
-35.10000000000004
-157.6999999999983
-45.50000000000007
-802.8
-26.299999999999994
-113.70000000000051
-152.29999999999984
-37.20000000000003
-45.00000000000007
-322.6999999999999
-478.19999999999976
-34.400000000000034
-34.400000000000034
-36.10000000000004
-34.400000000000034
-33.40000000000001
-33.20000000000001
-228.9000000000001
-931.9000000000001
-26.299999999999994
-1241.6000000000001
-26.299999999999994
-233.29999999999993
-35.10000000000004
-34.400000000000034
-33.20000000000001
-87.3000000000004
-63.00000000000004
-427.59999999999957
-72.10000000000005
-181.59999999999945
-673.7000000000028
-72.30000000000003
-50.10000000000004
-34.400000000000034
-1267.0
-48.40000000000009
-48.50000000000004
-638.7000000000007
-71.2000000000002
-132.90000000000003
-41.300000000000054
-34.400000000000034
-1162.000000000003
-269.0
-26.499999999999993
-1273.4000000000005
-145.2000000000001
-759.5000000000005
-367.5999999999997
-34.900000000000034
-1361.8000000000006
-33.20000000000001
-34.60000000000004
-155.0999999999999
-269.4
-168.60000000000014
-47.10000000000005
-33.20000000000001
-64.70000000000016
-120.69999999999997
-27.999999999999993
-108.90000000000012
-384.59999999999894
-34.400000000000034
-231.5
-128.20000000000036
-34.400000000000034
-36.10000000000004
-37.60000000000008
-247.10000000000005
-264.5000000000001
-240.29999999999987
-34.20000000000003
-147.00000000000003
-76.00000000000043
-57.80000000000015
-43.20000000000006
-46.40000000000005
-954.3000000000009
-33.20000000000001
-89.40000000000016
-1190.7000000000003
-27.999999999999993
-852.0000000000001
-26.799999999999994
-518.500000000001
-34.900000000000034
-34.400000000000034
-182.4999999999999
-40.900000000000034
-902.9000000000011
-34.400000000000034
-458.4999999999993
-34.900000000000034
-825.8000000000004
-1048.6000000000001
-621.8000000000043
-1058.0000000000002
-2634.699999999998
-310.8999999999987
-1493.5000000000036
-46.500000000000185
-34.400000000000034
-42.60000000000012
-33.30000000000001
-1463.7000000000005
-83.4000000000001
-70.50000000000006
-76.9000000000002
-192.5999999999998
-586.4000000000021
-336.0999999999999
-79.5000000000001
-34.70000000000003
-662.0
-86.90000000000003
-42.00000000000004
-891.6000000000017
-34.400000000000034
-57.000000000000135
-55.30000000000004
-455.0
-26.999999999999993
-860.5000000000041
-58.60000000000002
-59.50000000000004
-445.80000000000007
-39.200000000000045
-1414.8000000000147
-3603.8
-34.900000000000034
-2766.700000000002
-2014.5000000000039
-657.1000000000006
-151.09999999999974
-523.5000000000014
-34.400000000000034
-1009.5999999999982
-26.499999999999993
-34.400000000000034
-34.400000000000034
-42.10000000000005
-523.0
-26.499999999999993
-725.3000000000009
-366.2999999999993
-303.00000000000017
-26.699999999999992
-111.90000000000006
-28.199999999999992
-68.90000000000036
-34.400000000000034
-219.8000000000001
-30.09999999999999
-74.80000000000044
-58.50000000000003
-33.600000000000016
-33.20000000000001
-34.400000000000034
-34.400000000000034
-179.19999999999987
-683.6000000000007
-655.2000000000012
-90.10000000000042
-742.2000000000003
-1552.8
-205.5999999999999
-34.400000000000034
-64.30000000000003
-219.60000000000002
-34.400000000000034
-35.700000000000045
-50.70000000000003
-228.5999999999985
-1172.5000000000023
-37.30000000000004
-33.20000000000001
-280.79999999999836
-884.9000000000038
-80.40000000000023
-868.6000000000014
-27.39999999999999
-330.3000000000002
-37.50000000000003
-1162.1000000000054
-2705.6000000000004
-1426.9000000000017
-34.400000000000034
-27.199999999999992
-471.5999999999983
-1885.6000000000063
-28.39999999999999
-95.4000000000001
-214.9000000000001
-514.5
-2151.4999999999955
-55.00000000000004
-68.1000000000003
-1243.9999999999995
-1715.0000000000011
-24.999999999999993
-50.10000000000004
-35.900000000000034
-26.499999999999993
-50.200000000000045
-48.90000000000006
-849.4000000000034
-336.4999999999998
-658.0
-27.199999999999992
-34.400000000000034
-34.20000000000003
-34.400000000000034
-2525.8999999999996
-50.50000000000003
-4953.799999999985
-72.40000000000003
-237.2999999999999
-1088.5
-37.60000000000005
-1615.8000000000038
-41.20000000000003
-461.1999999999999
-196.50000000000006
-483.0
-645.4000000000005
-358.6999999999998
-66.0000000000001
-39.70000000000003
-360.0999999999999
-1796.700000000001
-231.2999999999999
-35.10000000000004
-31.699999999999992
-127.00000000000031
-33.10000000000001
-35.000000000000036
-2326.199999999998
-34.400000000000034
-34.400000000000034
-855.7000000000005
-49.00000000000004
-389.499999999999
-1110.5000000000016
-1253.2000000000069
-143.4999999999993
-607.0
-26.499999999999993
-33.20000000000001
-33.20000000000001
-90.80000000000014
-609.6000000000001
-54.200000000000216
-170.49999999999991
-37.50000000000004
-185.30000000000007
-27.199999999999992
-61.300000000000196
-26.699999999999992
-1734.300000000006
-33.40000000000001
-34.400000000000034
-34.400000000000034
-1327.3000000000002
-31.999999999999993
-1575.6000000000004
-34.900000000000034
-1419.4000000000026
-26.999999999999993
-34.400000000000034
-1193.1000000000001
-1272.0000000000025
-169.79999999999984
-57.700000000000045
-259.09999999999985
-614.4000000000001
-40.20000000000011
-35.80000000000004
-41.10000000000004
-805.3000000000017
-1635.5
-753.9000000000001
-47.50000000000004
-285.5000000000001
-1277.9
-541.0999999999999
-34.400000000000034
-83.80000000000022
-73.80000000000031
-2616.2
-167.89999999999986
-34.400000000000034
-593.0
-26.499999999999993
-31.699999999999992
-523.3
-32.900000000000006
-62.80000000000037
-1390.4
-30.299999999999976
-1135.3999999999994
-26.699999999999992
-45.20000000000008
-48.60000000000004
-634.3000000000004
-33.20000000000001
-33.20000000000001
-1153.100000000002
-163.79999999999922
-34.20000000000003
-40.800000000000125
-43.80000000000004
-28.39999999999999
-349.7999999999999
-35.80000000000004
-58.900000000000276
-468.69999999999965
-140.29999999999978
-34.400000000000034
-823.6999999999996
-130.59999999999997
-2524.100000000001
-1376.9
-3105.3
-144.70000000000047
-1355.700000000003
-59.50000000000003
-672.3000000000018
-780.7000000000003
-2040.0000000000025
-69.00000000000013
-46.2000000000002
-33.20000000000001
-38.00000000000004
-33.20000000000001
-379.0
-699.5
-695.0
-371.2999999999994
-545.4999999999999
-28.39999999999999
-34.400000000000034
-36.00000000000006
-41.900000000000034
-449.60000000000053
-111.00000000000003
-131.49999999999983
-57.600000000000136
-53.90000000000001
-38.00000000000004
-45.700000000000145
-27.199999999999992
-441.2
-107.0
-29.09999999999999
-1472.1000000000026
-1093.600000000003
-148.90000000000018
-37.60000000000004
-34.400000000000034
-35.10000000000004
-203.2999999999992
-36.80000000000004
-2185.100000000001
-27.199999999999992
-34.400000000000034
-1463.0000000000023
-1130.4
-30.299999999999994
-78.50000000000007
-305.0
-36.60000000000004
-1538.6999999999994
-36.300000000000054
-2147.3
-27.199999999999992
-33.20000000000001
-208.29999999999995
-654.300000000004
-64.5000000000002
-302.00000000000006
-27.199999999999992
-531.6999999999998
-32.999999999999986
-1438.500000000002
-108.90000000000003
-1798.5000000000014
-49.000000000000085
-1720.8000000000004
-1337.6000000000001
-27.199999999999992
-1284.5
-30.499999999999993
-257.50000000000006
-37.00000000000004
-93.60000000000007
-151.30000000000007
-33.5
-1291.0000000000005
-36.80000000000004
-2285.800000000002
-27.199999999999992
-44.90000000000005
-323.0999999999999
-1835.9
-51.400000000000176
-39.200000000000045
-823.0
-32.59999999999998
-374.0999999999999
-460.8000000000001
-114.60000000000038
-34.900000000000034
-199.40000000000006
-196.29999999999956
-3131.7000000000007
-558.7
-35.10000000000004
-33.20000000000001
-2824.400000000005
-470.8999999999993
-1628.8
-335.19999999999976
-2089.0
-2401.9000000000015
-27.199999999999992
-31.699999999999992
-1018.7000000000005
-28.39999999999999
-34.400000000000034
-35.10000000000004
-37.50000000000006
-31.699999999999992
-34.400000000000034
-34.400000000000034
-613.5
-73.80000000000027
-60.100000000000165
-914.800000000002
-34.00000000000003
-38.70000000000009
-33.20000000000001
-59.00000000000017
-28.39999999999999
-33.20000000000001
-554.6000000000003
-64.90000000000016
-68.80000000000005
-34.400000000000034
-30.599999999999984
-137.49999999999991
-33.20000000000001
-88.10000000000004
-47.90000000000006
-34.400000000000034
-337.0999999999999
-34.400000000000034
-34.400000000000034
-580.9000000000007
-34.900000000000034
-575.7
-765.3999999999996
-226.9
-34.400000000000034
-1601.2
-28.39999999999999
-33.20000000000001
-34.400000000000034
-718.9000000000001
-31.69999999999999
-364.8
-34.400000000000034
-33.20000000000001
-42.60000000000004
-48.50000000000004
-720.9000000000001
-483.0999999999985
-157.10000000000008
-26.499999999999993
-33.20000000000001
-66.60000000000015
-856.7000000000019
-315.5
-57.80000000000006
-34.400000000000034
-41.10000000000005
-239.1999999999997
-44.50000000000006
-36.50000000000004
-51.800000000000054
-34.400000000000034
-34.400000000000034
-632.5999999999997
-26.499999999999993
-1622.2000000000023
-77.30000000000014
-93.70000000000005
-172.99999999999994
-38.50000000000004
-46.600000000000065
-43.000000000000156
-606.8000000000015
-3058.400000000004
-35.000000000000014
-1005.2000000000011
-708.9000000000021
-420.49999999999994
-462.69999999999953
-42.40000000000015
-1257.0999999999995
-1090.5
-287.499999999999
-57.90000000000036
-3144.199999999998
-48.80000000000004
-98.30000000000005
-804.0
-29.999999999999986
-813.3000000000035
-42.10000000000005
-38.10000000000004
-73.60000000000005
-41.70000000000013
-41.10000000000005
-2015.100000000002
-42.10000000000005
-429.9999999999996
-414.1999999999994
-631.9000000000001
-28.39999999999999
-34.400000000000034
-42.90000000000005
-32.5
-1093.9000000000037
-25.499999999999993
-790.8000000000009
-152.90000000000026
-515.0000000000006
-36.80000000000004
-73.20000000000013
-24.799999999999994
-34.400000000000034
-791.0
-34.20000000000003
-997.4000000000001
-50.40000000000005
-34.20000000000003
-46.200000000000195
-34.400000000000034
-33.20000000000001
-895.7000000000002
-27.199999999999992
-34.20000000000003
-36.10000000000005
-47.40000000000006
-586.9000000000003
-80.50000000000021
-310.8000000000002
-324.30000000000007
-64.10000000000004
-1361.5000000000014
-33.39999999999999
-200.5999999999999
-433.5999999999986
-160.2999999999999
-174.00000000000023
-361.49999999999926
-3768.399999999988
-1293.4000000000026
-983.5000000000006
-564.1000000000004
-455.99999999999955
-48.00000000000017
-31.699999999999992
-34.400000000000034
-34.50000000000003
-34.400000000000034
-1548.8000000000002
-1124.9
-27.699999999999992
-41.20000000000013
-2961.1999999999643
-230.50000000000023
-81.80000000000003
-34.00000000000003
-4010.5
-54.00000000000004
-86.80000000000024
-854.4000000000002
-26.499999999999993
-601.5
-29.59999999999999
-34.60000000000004
-51.60000000000027
-58.70000000000013
-339.5999999999999
-422.4999999999997
-185.6999999999997
-359.09999999999934
-917.3000000000002
-344.5
-26.499999999999993
-33.20000000000001
-41.80000000000013
-121.10000000000012
-1823.6
-26.699999999999992
-1234.9000000000055
-34.400000000000034
-35.30000000000004
-223.49999999999977
-1458.5000000000025
-44.20000000000017
-33.700000000000024
-71.10000000000011
-33.20000000000001
-643.8000000000036
-55.60000000000029
-34.60000000000004
-408.89999999999986
-1167.6000000000001
-248.39999999999975
-1686.0
-36.60000000000006
-51.80000000000021
-875.3000000000001
-1005.0000000000007
-1026.600000000005
-81.10000000000005
-747.5
-69.10000000000034
-374.8
-35.60000000000004
-628.8000000000011
-44.20000000000006
-31.699999999999992
-62.300000000000054
-1186.1000000000006
-270.39999999999986
-37.50000000000004
-54.00000000000004
-29.299999999999994
-117.90000000000015
-90.60000000000032
-317.6
-28.39999999999999
-33.20000000000001
-842.9000000000027
-416.5
-735.5
-26.199999999999992
-31.699999999999992
-36.60000000000004
-301.5999999999997
-146.89999999999984
-362.9000000000001
-33.20000000000001
-48.10000000000005
-1811.3000000000002
-1643.6000000000029
-1210.5000000000016
-606.2000000000006
-75.30000000000027
-34.400000000000034
-1091.4000000000062
-774.4000000000001
-43.200000000000045
-2060.0
-1277.6999999999994
-1504.100000000003
-34.400000000000034
-33.20000000000001
-92.0000000000001
-71.00000000000014
-34.900000000000034
-42.00000000000004
-40.60000000000012
-46.90000000000005
-34.400000000000034
-35.900000000000034
-67.30000000000041
-35.900000000000034
-52.10000000000011
-370.59999999999997
-649.1000000000003
-719.0000000000018
-46.000000000000085
-34.400000000000034
-132.69999999999982
-42.20000000000014
-579.6000000000001
-202.8999999999998
-34.900000000000034
-1124.7
-28.89999999999999
-41.600000000000136
-1100.3000000000002
-486.5
-26.499999999999993
-554.2000000000024
-37.00000000000004
-34.400000000000034
-1782.5000000000018
-529.6000000000001
-46.00000000000006
-1100.2000000000019
-568.700000000001
-33.20000000000001
-45.00000000000004
-1893.100000000003
-40.60000000000005
-1861.0000000000034
-1309.800000000002
-524.0
-28.89999999999999
-58.60000000000012
-38.00000000000003
-85.10000000000015
-33.20000000000001
-58.80000000000002
-378.79999999999933
-1259.4
-34.800000000000004
-74.50000000000037
-122.80000000000011
-2151.8000000000056
-876.7000000000037
-363.0
-618.5999999999999
-219.5
-855.4000000000001
-34.300000000000004
-35.80000000000004
-370.29999999999956
-109.30000000000005
-1571.0
-505.7000000000001
-2518.800000000004
-29.09999999999999
-34.400000000000034
-44.20000000000017
-33.20000000000001
-34.60000000000004
-34.400000000000034
-258.8999999999991
-41.400000000000134
-519.5
-539.4
-26.499999999999993
-1946.7000000000044
-28.39999999999999
-1446.0000000000002
-32.7
-148.79999999999993
-815.8000000000094
-467.9999999999999
-2052.6
-45.40000000000009
-913.8000000000018
-321.9000000000002
-49.200000000000045
-1716.1999999999991
-1323.4000000000046
-1576.3000000000013
-1350.4
-427.0
-27.49999999999999
-36.20000000000006
-46.80000000000004
-36.30000000000004
-1319.6000000000001
-363.0
-1634.000000000006
-1547.5
-33.20000000000001
-508.1999999999987
-1419.700000000001
-1033.999999999999
-28.39999999999999
-34.20000000000003
-34.400000000000034
-591.5000000000007
-35.80000000000004
-324.20000000000005
-34.400000000000034
-66.7000000000002
-34.400000000000034
-34.400000000000034
-33.20000000000001
-521.5
-38.10000000000009
-34.400000000000034
-34.400000000000034
-387.9
-48.7000000000002
-208.0
-93.50000000000001
-29.999999999999993
-1398.5
-2185.4000000000015
-457.6999999999993
-1944.6000000000029
-2260.8999999999915
-34.400000000000034
-709.9000000000001
-46.000000000000014
-289.30000000000007
-71.1
-1553.0000000000043
-48.200000000000045
-415.2000000000001
-26.499999999999993
-137.40000000000003
-26.499999999999993
-59.6000000000001
-33.20000000000001
-31.699999999999992
-3742.6999999999834
-34.900000000000034
-64.5000000000003
-78.90000000000015
-219.20000000000007
-29.59999999999999
-158.80000000000013
-350.0
-1074.8000000000002
-32.6
-282.5
-38.900000000000055
-95.90000000000029
-833.0
-1410.5
-1234.5000000000005
-35.400000000000034
-61.30000000000016
-34.400000000000034
-287.5000000000001
-1777.0000000000025
-29.199999999999992
-34.60000000000003
-128.70000000000044
-72.40000000000009
-1818.000000000004
-48.80000000000004
-1458.100000000006
-34.400000000000034
-34.400000000000034
-787.5000000000007
-51.200000000000074
-2235.0
-29.799999999999994
-43.40000000000005
-62.50000000000019
-914.2000000000037
-26.499999999999993
-34.400000000000034
-33.20000000000001
-862.3999999999994
-596.8000000000004
-46.10000000000005
-818.0
-2223.7
-213.8
-26.499999999999993
-33.20000000000001
-321.40000000000003
-1224.5
-25.499999999999993
-34.400000000000034
-414.29999999999984
-640.9999999999998
-26.499999999999993
-34.400000000000034
-34.400000000000034
-34.400000000000034
-68.9000000000001
-389.50000000000006
-96.4000000000001
-197.6000000000002
-495.2999999999998
-27.199999999999992
-35.30000000000004
-1713.9000000000046
-1909.6000000000054
-58.50000000000029
-372.4000000000001
-41.30000000000004
-2063.9000000000033
-288.5
-26.499999999999993
-42.900000000000034
-35.60000000000004
-760.0
-27.39999999999999
-34.400000000000034
-27.199999999999992
-468.4999999999978
-33.20000000000001
-34.400000000000034
-273.1999999999999
-34.60000000000004
-1235.000000000003
-213.90000000000003
-32.800000000000004
-38.20000000000003
-33.20000000000001
-746.2000000000005
-165.2000000000001
-26.499999999999993
-1995.6000000000004
-383.1999999999998
-70.80000000000015
-34.400000000000034
-2228.099999999984
-43.30000000000004
-33.20000000000001
-147.29999999999973
-539.2000000000005
-39.200000000000045
-33.20000000000001
-34.400000000000034
-737.3999999999997
-143.7999999999999
-559.0000000000007
-33.20000000000001
-51.00000000000004
-2471.799999999993
-2568.499999999989
-71.80000000000028
-38.200000000000045
-650.9000000000008
-52.00000000000004
-31.699999999999992
-35.70000000000003
-2073.200000000003
-783.0
-189.39999999999952
-33.20000000000001
-2810.3000000000075
-798.5
-774.9000000000008
-525.2
-27.199999999999992
-34.400000000000034
-1135.8000000000002
-71.90000000000003
-518.4999999999998
-48.30000000000004
-233.39999999999873
-1627.5000000000005
-1104.4
-32.5
-30.999999999999993
-33.20000000000001
-34.400000000000034
-55.00000000000013
-1467.6000000000063
-120.00000000000016
-42.50000000000004
-34.400000000000034
-1031.3000000000002
-67.60000000000015
-50.00000000000006
-34.400000000000034
-34.400000000000034
-266.2999999999997
-702.5000000000018
-34.400000000000034
-34.10000000000003
-144.29999999999927
-99.70000000000005
-1651.9000000000005
-467.9999999999992
-305.4999999999987
-149.60000000000005
-29.899999999999984
-3606.5999999999963
-460.1
-1184.9000000000005
-24.099999999999994
-1006.600000000006
-32.7
-975.4000000000033
-223.8000000000001
-2458.899999999993
-239.0999999999999
-986.8000000000002
-45.90000000000015
-31.699999999999992
-36.10000000000004
-888.0
-528.2
-1194.4
-40.80000000000012
-34.400000000000034
-360.89999999999867
-416.50000000000006
-1224.6
-927.0
-868.2000000000007
-570.7000000000005
-2185.6000000000035
-773.4
-30.59999999999999
-667.7000000000011
-31.299999999999994
-26.499999999999993
-343.9
-33.20000000000001
-33.20000000000001
-167.40000000000026
-309.29999999999967
-788.0000000000007
-424.89999999999907
-40.30000000000004
-36.10000000000004
-1028.0
-457.3
-3455.499999999998
-45.400000000000034
-32.7
-30.999999999999993
-190.5999999999999
-706.4000000000001
-55.200000000000145
-75.00000000000016
-1998.2000000000044
-27.39999999999999
-35.400000000000034
-34.60000000000004
-290.70000000000005
-358.20000000000016
-650.8000000000008
-36.80000000000004
-215.99999999999946
-34.400000000000034
-428.40000000000026
-25.999999999999993
-2810.6999999999744
-1404.8000000000022
-1455.2000000000041
-2779.8
-33.00000000000001
-704.2
-555.7
-1670.6000000000001
-43.70000000000003
-34.400000000000034
-34.400000000000034
-929.7000000000005
-2163.800000000002
-313.7999999999989
-1113.2000000000003
-33.40000000000001
-34.400000000000034
-40.30000000000011
-43.800000000000026
-2113.800000000003
-1620.0000000000143
-39.800000000000104
-43.200000000000045
-62.70000000000012
-35.10000000000004
-33.20000000000001
-625.2
-35.800000000000054
-33.40000000000002
-49.10000000000011
-33.20000000000001
-525.400000000001
-201.2999999999999
-34.400000000000034
-891.6000000000006
-1157.1000000000001
-66.10000000000005
-692.7000000000002
-58.70000000000002
-51.300000000000054
-607.6000000000001
-216.9999999999995
-40.900000000000034
-321.0999999999998
-291.8000000000001
-36.10000000000004
-37.400000000000034
-120.80000000000008
-25.699999999999992
-3854.4000000000024
-804.0
-41.10000000000005
-36.60000000000004
-908.5000000000001
-1801.700000000004
-35.900000000000034
-29.299999999999994
-1136.4
-77.10000000000063
-66.60000000000005
-334.0
-26.199999999999992
-43.30000000000004
-34.60000000000004
-845.3000000000001
-1044.8000000000034
-44.80000000000009
-34.400000000000034
-178.2
-40.80000000000012
-296.0999999999998
-38.9000000000001
-60.90000000000005
-34.20000000000003
-623.4000000000002
-33.10000000000001
-60.800000000000054
-34.900000000000034
-47.00000000000004
-27.199999999999992
-33.20000000000001
-34.400000000000034
-617.8000000000009
-113.40000000000019
-877.7
-636.0000000000018
-33.20000000000001
-35.400000000000034
-881.500000000005
-98.10000000000004
-31.299999999999994
-389.199999999999
-63.60000000000018
-10233.600000000002
-823.0
-596.8000000000002
-417.1999999999998
-41.20000000000013
-37.60000000000007
-361.6
-35.40000000000002
-1287.900000000004
-34.400000000000034
-102.20000000000023
-31.699999999999992
-54.40000000000005
-3238.0
-27.39999999999999
-51.00000000000006
-122.5
-1830.8999999999994
-1525.400000000003
-539.0
-34.900000000000034
-339.0
-28.39999999999999
-947.7999999999997
-28.39999999999999
-34.400000000000034
-137.69999999999965
-2299.300000000005
-976.600000000001
-2099.600000000002
-267.10000000000014
-342.7999999999991
-2052.300000000003
-33.20000000000001
-61.70000000000019
-36.60000000000004
-1134.6000000000026
-675.7999999999981
-4367.699999999991
-34.200000000000024
-34.900000000000034
-1215.3000000000004
-36.700000000000045
-65.4000000000001
-1569.5999999999997
-3466.1
-417.0
-27.199999999999992
-191.6000000000003
-1108.5
-357.5999999999991
-26.499999999999993
-34.400000000000034
-34.400000000000034
-1451.6000000000035
-849.3
-364.6
-645.9999999999994
-155.59999999999997
-479.6
-145.79999999999998
-1032.4000000000005
-483.10000000000014
-34.700000000000024
-2357.3
-175.6999999999999
-844.0
-2560.5999999999894
-51.200000000000045
-35.80000000000004
-1133.9
-1514.8000000000002
-647.2999999999992
-1001.0999999999997
-1064.0
-341.70000000000005
-34.400000000000034
-386.4000000000001
-114.10000000000002
-37.80000000000004
-835.2
-340.0
-1607.0000000000014
-803.5
-323.1999999999998
-36.80000000000007
-1108.2000000000019
-702.8000000000013
-1207.5
-516.6000000000001
-51.20000000000005
-146.29999999999998
-34.400000000000034
-3201.7000000000007
-56.60000000000004
-55.10000000000005
-31.699999999999992
-66.00000000000003
-2196.100000000004
-429.5999999999999
-1115.8000000000002
-107.00000000000006
-34.400000000000034
-35.60000000000004
-35.50000000000004
-1006.3000000000002
-374.9999999999983
-324.70000000000016
-34.400000000000034
-632.0000000000006
-39.10000000000004
-63.300000000000125
-34.900000000000034
-64.60000000000011
-310.0
-34.60000000000004
-821.8000000000011
-272.29999999999995
-63.10000000000002
-857.100000000001
-44.20000000000017
-528.5
-1494.1
-29.09999999999999
-451.0999999999999
-2981.5
-29.59999999999999
-951.8000000000009
-2878.5000000000027
-27.199999999999992
-1168.8000000000002
-377.2
-27.39999999999999
-66.00000000000013
-34.400000000000034
-1138.6000000000001
-245.79999999999995
-3519.7
-53.40000000000016
-1783.7000000000003
-124.0
-26.499999999999993
-49.50000000000006
-27.699999999999992
-31.699999999999992
-37.30000000000004
-709.1000000000004
-41.90000000000006
-1791.0000000000027
-47.50000000000007
-69.20000000000014
-342.5999999999998
-33.20000000000001
-1037.700000000002
-1153.6000000000001
-972.5000000000005
-828.900000000004
-34.400000000000034
-931.7000000000027
-36.10000000000004
-101.40000000000042
-39.10000000000004
-48.10000000000011
-1256.5
-26.699999999999992
-607.6000000000001
-785.8999999999987
-820.0000000000005
-36.10000000000004
-72.10000000000004
-1336.2000000000003
-107.60000000000004
-32.69999999999999
-371.6
-30.99999999999999
-34.400000000000034
-34.400000000000034
-1177.1999999999998
-432.09999999999997
-1501.7000000000003
-287.00000000000006
-28.89999999999999
-1094.700000000002
-233.29999999999978
-379.69999999999925
-34.400000000000034
-1617.0000000000002
-531.0000000000005
-33.20000000000001
-37.800000000000075
-831.1000000000024
-39.60000000000011
-798.5000000000034
-44.700000000000095
-68.8000000000002
-2257.5
-495.99999999999966
-34.900000000000034
-601.700000000002
-33.20000000000001
-145.19999999999993
-123.00000000000003
-185.79999999999995
-34.400000000000034
-579.0
-1674.3000000000004
-41.50000000000004
-34.20000000000003
-77.9000000000001
-231.2000000000001
-1109.9
-30.499999999999993
-951.8000000000054
-880.5999999999999
-51.000000000000036
-34.20000000000003
-1162.8000000000027
-391.1999999999998
-727.6000000000013
-56.50000000000004
-59.500000000000156
-39.90000000000005
-39.20000000000003
-74.50000000000024
-33.20000000000001
-66.30000000000014
-870.3000000000025
-389.0
-1486.7000000000032
-1230.499999999999
-472.50000000000006
-44.90000000000005
-51.80000000000015
-1981.4
-1170.8000000000013
-410.5999999999996
-233.10000000000008
-28.89999999999999
-1381.0
-47.40000000000004
-41.20000000000013
-668.5
-70.20000000000002
-40.200000000000045
-1406.3999999999999
-1356.7000000000037
-832.4000000000071
-31.699999999999992
-2970.2999999999993
-33.20000000000001
-1242.800000000001
-2003.8000000000002
-27.199999999999992
-264.5999999999999
-1595.3999999999992
-27.29999999999999
-438.0999999999999
-39.0000000000001
-27.199999999999992
-34.400000000000034
-48.200000000000145
-77.10000000000005
-696.1000000000024
-537.7000000000012
-51.40000000000002
-4061.9
-840.5
-85.30000000000007
-1820.0000000000075
-34.400000000000034
-1080.8999999999999
-704.6
-292.9999999999998
-33.500000000000014
-1408.4000000000008
-2297.700000000003
-730.4000000000021
-800.8000000000001
-40.90000000000008
-33.20000000000001
-594.7000000000025
-550.1000000000023
-34.400000000000034
-46.80000000000004
-85.40000000000019
-43.10000000000004
-193.5
-28.39999999999999
-753.3000000000008
-33.20000000000001
-54.800000000000054
-32.3
-40.30000000000004
-66.70000000000005
-33.700000000000024
-34.400000000000034
-594.0000000000011
-2011.8999999999999
-572.5000000000005
-36.80000000000004
-34.60000000000004
-36.400000000000055
-2643.2000000000003
-37.50000000000004
-62.60000000000004
-33.20000000000001
-463.2999999999996
-943.0000000000007
-47.90000000000006
-36.10000000000004
-33.20000000000001
-654.4000000000027
-63.60000000000005
-756.6000000000001
-34.60000000000004
-1445.9
-1656.2000000000019
-354.6999999999998
-26.499999999999993
-34.400000000000034
-42.200000000000045
-304.60000000000014
-1107.3
-34.20000000000003
-34.400000000000034
-32.900000000000006
-34.400000000000034
-212.39999999999947
-1144.300000000001
-34.400000000000034
-34.400000000000034
-43.90000000000005
-36.60000000000004
-134.40000000000006
-366.9
-62.80000000000005
-1014.3000000000043
-383.4999999999998
-40.40000000000005
-36.30000000000004
-34.400000000000034
-254.8
-106.10000000000004
-786.0
-2153.900000000002
-26.699999999999992
-698.8000000000025
-247.99999999999878
-282.4999999999998
-28.599999999999994
-331.19999999999897
-113.20000000000003
-2323.000000000002
-117.8000000000001
-1471.4
-442.59999999999985
-34.400000000000034
-34.400000000000034
-33.20000000000001
-1938.7000000000037
-50.400000000000105
-749.4000000000001
-775.1000000000009
-427.4000000000001
-28.199999999999992
-34.400000000000034
-34.400000000000034
-34.60000000000004
-34.400000000000034
-33.20000000000001
-27.199999999999992
-34.400000000000034
-34.400000000000034
-671.4000000000002
-53.70000000000002
-543.8000000000015
-531.6000000000024
-1799.8000000000004
-1108.8000000000006
-2086.1999999999957
-47.10000000000004
-27.999999999999993
-36.10000000000004
-1337.700000000001
-1039.8
-2249.699999999931
-40.10000000000005
-27.199999999999992
-34.20000000000003
-1001.5000000000001
-367.0
-1562.5999999999997
-1023.4000000000015
-604.5
-2670.500000000001
-34.60000000000001
-31.699999999999992
-69.80000000000018
-3622.2999999999993
-1216.2000000000005
-730.7000000000002
-28.39999999999999
-69.00000000000011
-1558.0999999999995
-1100.0999999999997
-39.10000000000004
-1309.2000000000005
-154.4999999999999
-34.400000000000034
-34.400000000000034
-34.400000000000034
-45.90000000000006
-47.40000000000021
-75.60000000000048
-36.10000000000004
-33.20000000000001
-1050.0
-49.500000000000014
-578.7000000000025
-855.1000000000001
-26.499999999999993
-99.70000000000027
-34.400000000000034
-36.30000000000004
-33.20000000000001
-34.400000000000034
-1951.0000000000002
-68.10000000000001
-1406.8999999999996
-26.999999999999993
-34.400000000000034
-32.5
-36.30000000000004
-44.30000000000015
-2813.7000000000016
-28.89999999999999
-33.20000000000001
-49.30000000000008
-33.20000000000001
-574.6999999999999
-27.89999999999999
-1085.2
-27.699999999999992
-1398.8000000000009
-44.10000000000005
-799.200000000003
-2262.6000000000004
-596.0000000000005
-2277.4000000000033
-39.1000000000001
-2198.500000000006
-262.09999999999985
-37.000000000000064
-34.400000000000034
-34.900000000000034
-788.6000000000004
-512.9999999999987
-128.5000000000002
-236.09999999999968
-29.09999999999999
-45.40000000000016
-34.400000000000034
-3434.0999999999945
-716.9000000000052
-57.00000000000004
-136.6999999999999
-686.1999999999997
-30.599999999999994
-34.400000000000034
-2171.0
-246.80000000000013
-1307.0
-1934.7000000000016
-28.699999999999985
-33.20000000000001
-36.600000000000065
-2653.2000000000016
-588.7000000000007
-34.20000000000003
-980.8000000000063
-490.79999999999995
-36.10000000000004
-315.3000000000001
-39.50000000000008
-1432.2
-31.699999999999974
-33.90000000000003
-33.20000000000001
-748.6000000000038
-33.20000000000001
-657.600000000001
-4054.0999999999954
-26.499999999999993
-393.4999999999999
-391.5999999999991
-464.2999999999992
-285.5999999999996
-34.400000000000034
-41.900000000000034
-319.80000000000024
-42.000000000000114
-46.30000000000004
-1453.6000000000001
-28.39999999999999
-140.40000000000012
-26.699999999999992
-34.00000000000003
-430.60000000000014
-250.3999999999993
-34.20000000000003
-413.79999999999995
-1877.200000000001
-48.900000000000084
-39.20000000000003
-27.39999999999999
-49.60000000000012
-53.700000000000216
-849.7000000000002
-41.10000000000008
-1442.0000000000039
-27.39999999999999
-239.99999999999832
-167.7000000000001
-189.7
-4563.199999999995
-904.2000000000002
-46.40000000000006
-36.10000000000004
-34.00000000000003
-45.90000000000005
-34.00000000000003
-1063.6999999999991
-33.700000000000024
-91.80000000000032
-31.699999999999992
-214.69999999999996
-1758.200000000001
-701.8000000000001
-185.39999999999998
-45.60000000000008
-36.60000000000004
-1217.2000000000016
-354.19999999999845
-187.20000000000005
-3465.8999999999724
-189.30000000000007
-27.199999999999992
-35.70000000000003
-1682.3000000000002
-35.60000000000004
-28.799999999999994
-417.89999999999986
-36.60000000000004
-61.50000000000024
-34.400000000000034
-3576.5999999999894
-385.49999999999926
-66.00000000000007
-1642.3000000000002
-127.50000000000038
-1393.0000000000007
-56.50000000000006
-835.2
-26.999999999999993
-43.00000000000004
-129.0
-234.39999999999912
-34.400000000000034
-49.800000000000054
-33.20000000000001
-589.4000000000003
-986.2
-525.8000000000005
-2575.1000000000026
-39.9000000000001
-34.400000000000034
-2480.0
-30.79999999999999
-283.29999999999995
-34.400000000000034
-34.400000000000034
-33.40000000000001
-38.30000000000004
-994.1999999999998
-1541.7000000000016
-341.79999999999995
-1021.5
-36.500000000000036
-33.20000000000001
-1643.000000000008
-521.6000000000015
-40.40000000000005
-484.0999999999999
-770.5
-30.79999999999999
-34.00000000000003
-34.400000000000034
-33.20000000000001
-573.1000000000001
-66.20000000000003
-33.20000000000001
-986.0000000000001
-1542.9000000000028
-668.4000000000001
-2177.2
-28.39999999999999
-34.400000000000034
-2630.4000000000074
-530.0
-447.9999999999999
-1528.0
-48.00000000000004
-1576.1000000000038
-26.699999999999992
-2224.499999999999
-28.39999999999999
-377.89999999999947
-1953.7000000000046
-34.00000000000003
-34.400000000000034
-328.49999999999994
-2072.800000000002
-1306.5
-30.39999999999998
-837.6000000000013
-34.400000000000034
-166.90000000000003
-1354.2000000000007
-1069.1000000000006
-589.7000000000005
-1346.6000000000017
-65.00000000000006
-32.800000000000004
-34.400000000000034
-45.00000000000004
-36.20000000000006
-44.100000000000165
-1214.2
-162.5
-907.7
-33.100000000000016
-311.80000000000007
-94.70000000000005
-34.400000000000034
-1155.9000000000015
-72.4000000000001
-35.90000000000005
-743.7
-2133.4000000000024
-29.09999999999999
-48.20000000000022
-36.10000000000004
-796.6000000000047
-98.70000000000016
-83.20000000000022
-2144.8999999999996
-27.199999999999992
-31.699999999999992
-36.10000000000004
-1439.9000000000005
-34.400000000000034
-159.0999999999998
-33.20000000000001
-144.30000000000007
-28.199999999999992
-2529.5
-573.3000000000003
-1117.0
-30.99999999999999
-567.4000000000001
-28.799999999999994
-474.8
-443.10000000000014
-218.80000000000013
-1418.7999999999995
-28.199999999999992
-170.60000000000008
-28.89999999999999
-375.09999999999997
-31.699999999999992
-74.30000000000013
-1766.000000000002
-95.60000000000039
-41.10000000000009
-472.4000000000001
-32.7
-34.400000000000034
-463.1999999999998
-253.49999999999977
-28.199999999999992
-33.20000000000001
-335.69999999999993
-34.400000000000034
-76.90000000000003
-448.8999999999999
-181.0
-431.2999999999997
-371.6999999999992
-39.2000000000001
-38.600000000000094
-47.40000000000005
-2059.5
-25.999999999999993
-36.60000000000004
-1452.6000000000035
-1664.800000000004
-33.20000000000001
-494.89999999999696
-2895.7999999999993
-272.2999999999998
-85.30000000000013
-36.60000000000004
-36.80000000000007
-98.70000000000019
-34.60000000000004
-484.40000000000003
-1011.4999999999998
-2445.8
-27.199999999999992
-34.400000000000034
-145.09999999999934
-123.89999999999999
-34.300000000000004
-383.5999999999999
-458.2999999999997
-34.400000000000034
-34.400000000000034
-34.900000000000034
-953.9000000000018
-29.099999999999987
-34.400000000000034
-35.10000000000004
-252.49999999999997
-42.10000000000005
-39.6000000000001
-286.2
-35.30000000000004
-33.20000000000001
-917.0000000000067
-466.4000000000001
-930.7
-108.3000000000003
-73.90000000000009
-489.8999999999995
-877.7
-26.39999999999999
-299.0000000000001
-46.20000000000003
-50.800000000000054
-1227.0
-970.8000000000002
-1129.3000000000009
-584.3999999999993
-1265.6999999999996
-225.8
-34.400000000000034
-73.60000000000028
-1085.600000000001
-39.90000000000005
-38.700000000000045
-557.0
-27.39999999999999
-1026.0
-25.299999999999994
-604.9000000000012
-279.8999999999996
-52.400000000000006
-66.70000000000016
-38.40000000000009
-1430.0000000000014
-310.19999999999976
-1658.6000000000065
-244.79999999999802
-233.39999999999992
-514.0
-1013.2
-212.5
-1948.500000000006
-1466.0999999999985
-504.0
-160.89999999999986
-34.00000000000003
-34.20000000000003
-308.50000000000017
-28.199999999999992
-856.5000000000001
-1284.1000000000017
-41.80000000000014
-400.29999999999933
-148.99999999999983
-883.1000000000001
-42.10000000000001
-39.90000000000005
-977.6000000000004
-51.300000000000125
-30.699999999999992
-2170.500000000006
-714.3000000000009
-513.2000000000002
-28.199999999999992
-713.6999999999994
-34.900000000000034
-2162.4000000000033
-46.70000000000003
-422.2999999999994
-39.400000000000105
-161.09999999999985
-1785.2000000000012
-1697.1000000000006
-34.400000000000034
-308.8
-191.5
-814.7000000000003
-29.19999999999999
-620.2
-1285.400000000001
-34.900000000000034
-53.30000000000007
-36.30000000000004
-34.400000000000034
-89.50000000000024
-67.20000000000012
-1190.4
-1257.2000000000016
-43.900000000000034
-124.50000000000006
-272.9999999999998
-274.60000000000014
-2420.5
-53.10000000000004
-66.70000000000014
-1354.2000000000003
-897.0
-77.60000000000005
-695.6000000000001
-1112.8000000000034
-986.5
-1000.5999999999996
-1343.9999999999984
-630.9999999999995
-99.5
-2019.8000000000002
-1318.8000000000022
-1037.5999999999979
-186.49999999999972
-148.99999999999972
-749.5000000000005
-785.300000000002
-1137.4
-889.8000000000009
-412.9
-55.200000000000045
-2025.8000000000038
-655.9000000000001
-45.50000000000006
-635.1000000000008
-1619.2999999999997
-525.0000000000005
-47.00000000000004
-455.59999999999997
-41.50000000000004
-1658.500000000002
-538.0
-470.2999999999998
-116.00000000000021
-655.4000000000005
-792.5
-55.80000000000011
-73.80000000000025
-380.50000000000006
-1094.6000000000001
-594.9000000000005
-2376.100000000004
-394.9000000000004
-38.400000000000034
-127.30000000000005
-95.70000000000027
-1466.599999999999
-157.3999999999994
-1604.2000000000016
-36.10000000000005
-71.90000000000005
-1526.4
-2577.0000000000027
-81.3000000000001
-454.69999999999976
-35.90000000000002
-1184.000000000003
-1234.5
-361.3999999999988
-46.00000000000007
-777.5000000000059
-358.5
-861.1000000000004
-275.5
-1657.7000000000085
-264.0
-764.5
-92.4000000000002
-96.40000000000006
-201.0
-54.80000000000007
-543.500000000002
-298.9000000000001
-767.3000000000011
-278.6999999999997
-1199.000000000006
-32.5
-742.0
-1208.7999999999997
-62.90000000000005
-41.60000000000004
-1319.3000000000025
-737.0999999999997
-56.80000000000021
-1403.6000000000001
-58.70000000000013
-712.5999999999997
-1226.0
-1448.1000000000056
-4041.7
-53.30000000000007
-1358.0
-88.50000000000013
-118.0
-1479.2000000000007
-53.80000000000007
-747.5
-155.49999999999966
-57.90000000000006
-985.600000000002
-381.0999999999998
-653.0
-2172.3999999999987
-3909.5
-3672.5999999999854
-170.0999999999999
-631.5
-84.00000000000003
-1686.8000000000175
-288.0
-423.80000000000007
-122.0
-422.39999999999986
-1810.4000000000026
-87.20000000000003
-53.50000000000004
-607.5
-1233.5
-1047.500000000004
-136.7999999999999
-451.5
-621.5
-337.0999999999992
-854.0
-843.3000000000009
-1590.5
-1207.2000000000037
-610.0
-561.5
-89.20000000000006
-299.2999999999999
-1007.8000000000011
-42.00000000000003
-2548.8999999999837
-1235.800000000003
-65.70000000000003
-52.00000000000004
-56.600000000000065
-692.5000000000009
-79.80000000000005
-120.0
-584.6000000000022
-1910.000000000004
-194.69999999999987
-309.6
-1399.3000000000004
-460.79999999999984
-2379.6000000000026
-276.4999999999993
-60.10000000000005
-47.30000000000004
-1876.0
-61.80000000000004
-532.6999999999998
-91.20000000000016
-230.0
-82.90000000000018
-1325.7000000000014
-321.3000000000001
-349.59999999999997
-773.4999999999991
-1303.7000000000023
-4501.5
-1226.0000000000095
-582.4000000000005
-1039.2000000000028
-282.4999999999999
-37.700000000000045
-553.7999999999995
-402.99999999999983
-621.0
-1626.6000000000117
-165.5
-172.5
-738.1000000000001
-1227.0
-575.5
-44.00000000000003
-44.200000000000045
-473.0
-87.70000000000005
-328.29999999999984
-156.0
-575.5
-341.9999999999994
-924.3000000000006
-771.5
-698.5
-983.2000000000002
-41.20000000000006
-2575.799999999982
-900.0
-702.5
-460.5
-51.70000000000013
-196.80000000000007
-106.5
-3641.2999999999865
-535.100000000002
-264.79999999999984
-845.5
-139.69999999999976
-64.40000000000019
-487.19999999999976
-606.5
-1129.5
-57.10000000000004
-1008.2000000000039
-1345.3000000000056
-78.50000000000018
-128.79999999999998
-81.60000000000026
-885.0000000000016
-274.59999999999945
-207.49999999999983
-436.5
-52.60000000000005
-478.0
-255.69999999999987
-411.39999999999964
-109.00000000000006
-879.0
-930.2999999999997
-746.3000000000022
-2478.0
-233.6000000000001
-481.5
-1783.6000000000022
-206.59999999999917
-847.0
-2674.6000000000004
-603.0
-134.29999999999987
-72.40000000000023
-458.5999999999999
-112.0
-405.8
-58.10000000000005
-116.30000000000004
-1766.7000000000012
-2989.5
-441.3999999999994
-139.5
-46.700000000000045
-42.00000000000004
-1804.0
-186.3999999999998
-228.5
-236.5
-62.200000000000074
-70.20000000000003
-549.400000000004
-742.0000000000005
-304.7999999999995
-58.30000000000004
-1997.7000000000041
-404.59999999999775
-42.60000000000004
-72.20000000000005
-339.59999999999866
-287.99999999999983
-699.5000000000007
-1083.5
-199.5
-1913.000000000001
-203.0999999999999
-1446.5
-691.5
-85.70000000000005
-293.8999999999998
-111.5
-147.0
-355.5
-2326.0
-503.7999999999999
-1955.3000000000009
-37.30000000000004
-420.39999999999986
-62.80000000000015
-43.000000000000085
-242.29999999999973
-796.1000000000026
-70.10000000000004
-1748.5000000000045
-68.70000000000017
-124.10000000000004
-774.2
-1268.7000000000025
-55.600000000000094
-1463.8000000000002
-248.8999999999998
-59.600000000000065
-2511.800000000004
-69.80000000000005
-2018.6000000000001
-66.20000000000005
-794.0000000000001
-226.2999999999999
-1597.8000000000027
-98.60000000000011
-87.20000000000006
-823.600000000012
-1840.1000000000001
-261.79999999999984
-633.9000000000021
-767.0
