0.03341137876362016
0.035136561700016715
0.07679936703073371
0.07383646355109247
0.07138890734374426
0.0643828721833338
0.06272590997204454
0.04885744986357373
0.05613163223758979
0.06713416498503845
0.07882681839045703
0.047563765122839795
0.10370247893419354
0.06110451651259374
0.07238187671342654
0.03340925997916966
0.08009152989324668
0.09122837684834399
0.08807120619346254
0.06981972265370882
0.042847507897988635
0.046285099559114196
0.048518948114038875
0.03964384579426993
0.03199409991159596
0.04283425513645883
0.07074322506095022
0.04293669656841256
0.08152343895059311
0.045734738088211484
0.12455279485245226
0.1036587430489639
0.11510774929071303
0.024381154059394377
0.1283771019074927
0.06832381577910877
0.03331789773745608
0.09255085524948287
0.0772710080671158
0.06934507424582058
0.05306882024672157
0.10215450960305737
0.11580131310947883
0.12424050894391177
0.1109260492162943
0.1110740761564799
0.17349527588695465
0.2343402219496268
26.038305789477572
0.06761303470606535
0.1188982074701372
0.23431007920519778
0.28379778682461226
0.2494925090175489
0.21750618328680116
0.15653673480739846
0.14163202082257006
0.12093394258493595
0.09365539370917737
0.07095607716821284
0.06868435719951498
0.025268026834583734
0.06960222567556568
0.1375657060324905
0.08281389076802252
0.08469410923157224
0.1060560684159602
0.05820051708302071
0.08639373297724301
0.12031702535351868
0.06517464376964914
0.11958043529394646
0.17993612373800313
0.19781398750477594
0.3306565082869625
0.1592174171911084
0.2198707795870409
0.2009766104607765
0.1713947497118379
0.19146974885505333
0.18204441536893592
0.23195963834967634
0.14022923211941243
0.13800744560314768
0.07019169192621541
0.05866742106832079
0.09294911580113048
0.02371736342007211
0.0375583637675889
0.033272518931555556
0.11315607985085235
0.080147921694813
0.04893697551585436
0.0658035395034094
0.06255403798640365
0.1771340545965379
0.17435110469705092
0.15758199914634988
0.28468373454817525
0.3046840956260519
0.27715966400958464
0.2567035252003242
0.2624209543670931
0.26208558079990435
0.2042461907816826
0.12426511420461557
0.2645391734335732
0.26315497392615855
0.24494913087177603
0.24266315051593393
0.32395565799565357
0.35640558192649
0.21063393373701098
0.17350468478853864
25.441561600279645
0.09276761343529688
0.05980688914990173
0.09985602424870443
0.09142274580529823
0.11996047533774525
0.12066855102262915
0.10101478239153423
0.058968120740090745
25.778231737226648
0.02329241527931805
0.08433553708463626
0.1092070199235532
25.336419031546708
25.953699505110276
0.15241529030845927
0.1827396948496156
0.2547591073284196
0.18220558305666998
0.21083885804389393
0.31671824210400673
0.36538414978277073
0.2486864900301429
0.32635371837310545
0.2594092345386508
0.2200599272821484
0.18157023507137557
0.1429347630000136
0.047868795879868455
0.15103256728827477
0.06891691428630553
0.07925100980358032
0.1122503164903283
0.11688425872713416
0.1408138290498896
0.11270661977010336
0.11223218323362295
0.11761096269509025
0.09141512276023854
0.057116384111745265
0.19983914279924755
0.12331416794686478
0.23251046542887033
0.19777629260367924
0.2303224407454557
0.19761992349288118
0.1026296958361058
0.16397241999084633
0.055971323020448265
0.04363141713580703
0.05514935096599425
0.03365209058302337
0.06665069426913665
0.18315771784005955
0.20573328643818364
0.28431846530107757
0.24681284560500258
0.16189913765122532
0.31583197994534506
0.30335393764376894
0.21441054535465087
0.1708240674083716
0.11416580554847722
0.09349046390552208
0.14632628097637843
0.19198228301291095
0.16187588169130349
0.1433283174498973
0.13609840592571346
0.055856744668767916
0.12384673304502765
0.13183200626034905
0.0481899672098181
0.11875283197530528
0.1350610432591595
0.11360113027589598
0.16553947053949117
0.16424065781277308
0.19484848418516298
0.22364135551589168
0.17158654164896628
0.2172035807084899
0.26314776898826914
0.2960057187596434
0.3092432554573144
0.3490045646145345
0.3215914300597376
0.3026147769693592
0.19440633815878447
0.1596307488908275
0.12031822164798607
0.08081782664715549
0.15224808405046367
0.09083207725048503
0.14386115901813964
0.21803895492314895
0.273319837411978
0.38610819112526107
0.39798310523107006
0.2386164064679556
0.3711551361486611
25.87770672759896
0.4000916933673233
0.28250160861744694
0.258234235255351
0.13790916974608972
0.12263985928765402
0.09424311778843071
0.130755690482128
0.13420680494107418
0.17510292042858153
0.07648972324089039
0.17858214457951768
0.09941392899635726
0.18561393891971942
0.18349875712841754
0.21112308955884354
25.41217721265517
0.18742173463136927
0.10256766818240289
0.1502726393498973
0.12601666158383776
0.06295141244009397
0.16100145724489318
0.2967828948989234
0.21099385928017514
0.16953093795676785
0.29191845064198757
0.17127694522738768
0.23428967140526638
0.2605137402928564
0.08590881083939868
0.1840943028529394
0.21520357829606143
0.04280486852886209
0.11533606018382718
0.07869946034067321
25.659510786501574
0.15895073563155815
0.10187270444781964
0.22117060724819493
0.23922617020652528
0.1764361142510378
0.2174861774798954
0.1815987146709579
0.1684826543537564
0.1725318984235383
0.18325546859050035
0.19763804236430893
0.303949365903681
0.20595014962554545
0.20346041403929896
0.19146457096492367
0.16440538222301007
0.13253749684391827
0.13729889287333674
0.06588444832233457
0.09032580806874212
0.05513367840932192
0.14365134005446709
0.15202432372574862
0.20569183093711008
0.2832364655338917
0.2572440400319446
0.1649864048683947
0.17772082977603243
0.1046442190813429
0.15332843352283876
0.1565084490426596
0.10824037016742975
0.18984438901838466
0.17318085436138628
0.24916405155597068
0.17086430459135263
0.13681157381168765
0.17208932192558687
0.10144091252146499
0.1084990644090411
0.055298911213203905
0.061920808959269685
0.0752591137214186
0.09299206723319098
0.07940001601634697
0.13727630873041027
0.16493016750620618
0.12557702329646772
0.10600282764450293
0.08640415055846633
0.16301896824592665
0.12089605423253226
0.10217407921214339
0.09227210452241996
0.05793940662396072
0.04676299125856753
0.06420976014292233
0.06517458650274877
0.07811391504002956
0.03527204963771121
0.01921426488101681
0.05512189288040481
0.059950135821491134
25.891841858793708
0.07223994289708034
0.09549217088910474
0.04464473095782984
0.06675930192129877
0.06177487210430085
0.13476670358219653
0.09772185462500538
0.13344219770756785
0.22792268357100784
0.1184580271169751
0.13010409683816002
25.700705275277922
0.09821340779632391
0.049895142670026565
0.1013482663308769
0.1015896237484591
0.18923534054686542
0.1761547120235097
0.27319631693840646
0.20767532210659012
0.1681726539635889
0.15828499736834534
0.09757727993972416
0.0928230250696291
0.06350770570604976
0.0650238905772282
0.08242517078006834
0.0263164128794079
0.058484962458114576
0.05675646030890186
0.08081701939783924
0.07169975240340598
0.12142386260757056
0.116219307785541
0.1316391759557001
0.07659350772998028
0.1805893738731048
0.13895605988154927
0.16590075458807443
0.20026387246561086
0.12983859492456368
0.2050835173455139
0.14606341306088766
0.11086187736966929
0.20849123592377483
0.19038851982892158
0.23194270861726066
0.23942452633829814
0.2511388644574693
0.20608552692142856
0.21554261461362254
0.27218126353125127
0.22717923672030568
0.27416022529146084
0.18973011871567766
0.12703802002503828
0.19280342434646514
0.1831146587199989
0.10856514598761907
0.19718594930994757
0.2607126439173721
0.3208256791826675
0.23614310902210145
0.15323739130719735
0.21420099775353765
0.3853568356273009
0.3041735454906042
0.22168526521763596
0.16467842325850252
0.1836893663133586
0.25015432791043585
0.18238745633308606
0.15922652172383234
0.12675893952438735
25.780640235626503
0.18523016436924963
0.0899621789336203
0.09979445660867274
0.07748044487193971
0.1279493843676391
0.1342117700100983
0.16233180636939218
0.19160300137016714
0.1940708145303259
0.198487052473613
0.15177189754544326
0.21066573974807545
0.12800124781687425
0.20719498591650806
0.13759878019917893
0.16785020230544398
25.612144144959373
0.19009814440778217
0.1941577886705178
0.1247377899327612
0.23687570988519455
0.20265229025830314
0.23047869489344522
0.1788628187197031
0.13589788505213787
0.12463850897629296
0.11913534502602839
0.07055344230192766
0.15626377065342553
0.09586572633273853
0.09981884767131592
0.09193139500256348
0.07450832733584378
0.09766973458774404
0.07505804987265531
0.06306720775101694
0.10035592148454582
0.08235442773880391
0.1170076429983707
0.11473130090841151
0.27388893338180315
0.31505138557795326
0.2544131993017415
0.21601022337087517
0.2565650175431183
0.31192776755272444
0.31259481455460164
0.18837665901244605
0.2769662260404662
0.3445984385422256
0.2954228177929857
0.3031994942383838
0.21516333592986672
0.27450102337453747
0.19830325819164082
0.19711575514522015
0.2792306517021157
25.696095109780355
0.09683433526895983
0.09780452661398087
0.06314727459277542
0.03969649211379873
0.06470474476799636
0.23276200152019388
0.15716169217557938
0.06859522540049347
0.24533788560085737
0.2637659296176757
0.1883169482484609
0.1958275623261602
22.48531279056311
0.04297310349819505
0.021129541815044003
0.017947403006386968
0.056520710364224264
0.11205146396868189
0.1298582671088473
0.10748134676808356
0.07345388673421006
0.09228326008742194
0.09398331108205193
0.06334491967562496
0.10025820475699825
0.1450127848382642
0.19059387120043778
0.23553998990600836
0.182392968296313
0.1449717809274327
0.1601039690658951
0.11686030035600813
0.12221602359405566
0.2185409523003818
0.1325167080589929
0.11168292187503509
0.11685977992212589
0.12159588187776453
0.09001865826688417
0.06524107065610778
0.05630868610356682
25.87380267565925
0.08288188062900202
0.08196006176303362
0.10422778611343009
0.06680200764963068
0.06725669412574585
0.11125827878855843
0.09837297818919032
0.09991299595922627
0.08318705775015321
0.08651932859282936
0.11532478084565649
0.10683994325371954
0.16136209429989157
0.10762254244899512
0.1511108193508939
0.18160599097135544
0.16562006491910083
0.09683478540097361
0.09523660362182779
0.04804352986133941
0.06770202224536458
0.12716771600275337
0.1848842233810235
0.05391039654303071
0.15792352096953235
0.09134052545446024
0.07175219940054584
0.1939966414499111
0.12200419283466778
0.1595332701651159
0.14390417575296024
0.08897910630375801
0.12890508667587308
0.14608611142348948
0.07090016261072178
0.06333452241468548
0.10584708407751804
0.1919481054091068
0.17323830605833854
0.16620712647074262
0.21672152143452275
0.12093973843988444
0.15186176593060563
0.19610563641523493
0.09479876255346768
0.12271410432306111
0.12216983089083581
0.16009114044053777
0.2141070664602324
0.20572053182600514
0.14949663273475824
0.17541484929472215
0.11916176749401937
0.16816650259692859
0.15690613556421532
0.1266713031069634
0.17138619973129798
0.20032502011541356
0.2512487804577645
0.3276692837505299
0.3006470873179285
0.19813075322679433
0.23274943887511426
0.19762415704659433
0.28373231461749343
0.16617265950061053
0.23934025486965796
0.16590415973435232
0.14611564473192928
25.512787220182688
0.21838769709861686
0.0502543662303786
0.028782879710448017
0.06559438025930259
0.0722185483541318
0.07855002919787323
0.03985201153485681
0.08513226762180008
0.09183202573035844
0.0639931165680613
0.28898752136629374
0.5282971099732243
0.4362064081682151
0.5080005796072274
0.14401265563637136
0.14400073622537032
0.10061472017540278
0.06598260316714212
0.12507436668365388
0.09610633151141812
0.10370688833216594
0.2634097414853109
0.13804921634976183
0.1451096250133961
0.19820122713863256
0.12417865963195658
0.11518095691013867
0.09354344925868151
0.07263087040456313
0.07381523119632911
0.07228818751671647
0.1549187198903468
0.16625139143835013
0.08202446312956684
0.0996049774187307
0.03832291308302323
0.02604261097412501
0.028727640506866353
0.020944842994602156
0.17066326828265144
0.25028881438512385
0.18403944893354263
0.24700172107881338
0.14004490455537907
0.15741045454818559
0.11541201572227294
0.1925444661729934
0.1348412126254269
0.2232090851718204
0.16366032270434516
0.22581604027179147
0.255361743736421
0.16201792846812033
0.14293693536720206
0.20054358795279437
0.16425414908293878
0.06670675268313488
0.1358975105312904
0.054715058866091036
0.03563430453852853
0.028204329137260464
0.04096959763993929
0.03748581536034006
0.03186980098952861
0.06471942235149418
0.06953616474497638
0.0377367393118181
0.20794408148151144
0.22242728835773576
0.18998633312673774
0.3191161473077438
0.13813420931770296
0.11908542152425568
0.09711807202706958
0.18181622452089852
0.15027672776044965
0.13346307551044542
0.236356509003672
0.21586155689993855
0.22490550453396255
0.23248924820705205
0.18758818993225593
0.1508779620869817
0.3554824374697965
0.11562624178001125
0.15194619940642248
0.12633337596710217
0.1387128008435956
0.18220065017628936
0.15678610194016798
0.1569348752513213
0.16445640143204626
0.02129129732481881
0.039817372952229375
0.04552673384717439
0.060200390587139434
0.1143634315200412
0.1167814590498023
0.25443334526259714
0.22751504953662346
0.27099443822948754
0.3449582243578151
0.20442271488315086
0.2835618407033033
0.2884547842803837
0.31338589411713874
0.17618033526373725
0.18064244740053484
0.2589837183741632
0.2899063780252316
0.1892881505548832
0.2432689330862806
0.20383669956828687
0.1616859246740091
0.13802954089586433
0.15392134519634293
0.11807222556173756
0.08010892671761714
0.04154760980824201
0.045977857873312954
0.07803186364462349
0.054293790363339645
0.04998476214960818
0.04661242473832448
0.06542636120401417
0.08007231597493618
0.10877147210056798
0.0914722281861658
0.09116770242129492
0.15324270956128874
0.130815102476828
0.2660175262867684
0.2988494010715896
0.14002698157303206
0.19751600963011318
0.20391241895759582
0.2912758295962865
0.1455594144720393
0.143582382305128
0.16964572740239867
0.08294762156805725
0.060521383225491394
0.08163892783741396
0.10711658471930274
26.143655155300916
0.08075408145695379
0.15119992662105164
0.22634899737947964
0.27524798940917183
0.30276425478212915
0.24197551896710193
0.24356445339801494
0.256506779263085
0.32129190815327036
0.2613798276022585
0.17404331666815911
0.16950948368395682
0.15451256791159795
0.23326079636263186
0.23883528781214222
0.26706055472428664
0.27055233202078827
0.3733484473104804
0.4038430427161482
0.2664437610114848
0.27906635586245626
0.3186320755896294
0.28178759575435164
0.33638131285308903
0.14275693110287827
0.32110902085619747
0.2755773785754075
0.48118261609273
0.26137990422708085
0.3083381238431382
0.31655308353625444
0.38619524754890255
0.3712654300199872
0.35879456658653397
0.3455353380497401
0.3137289428048762
0.3771950963802826
0.4393859883598408
0.4201653626154979
0.4379886958778861
0.44573228900320877
0.30295597103828215
0.28990506790334597
0.33673473086248934
0.3191999777255808
0.2745634074274523
0.25546969318124646
0.20466625672106
0.2096495597247078
0.22997663679433256
0.2320066681014948
0.21535050108106954
0.3222208963271909
0.41792313533514164
0.3564554263485023
0.4154307914501893
0.5057251399580004
0.44083066331199056
0.4368813047426557
0.39486636828116034
0.3286779573308026
0.5195007774612138
0.3530444227206993
0.4050017742407043
0.4029717563777393
0.347344851162819
0.3255158409105786
0.4109564296197748
0.2615539654094718
0.2990054681747875
0.3412063694645422
0.2862791438276994
0.3198173899456986
0.27963216427058885
0.3325014884736164
0.3074408144920371
0.4589368191329323
0.3896014591035104
0.32891256063197033
0.28922027951107615
0.34258796597932406
0.26118898335944896
0.17094371832297153
0.27954360255751004
0.22303453051615826
0.3056829533539572
0.32318145215953215
0.42362946215230085
0.38831942874521697
0.4784970196271659
0.47092752629757717
0.5409783893894099
0.3797167387928761
0.41809232119092093
0.2874087671080823
0.2783640882852634
0.350362852862056
0.31953789225491264
0.22319277740309218
0.22861430435126248
0.26622428860666963
0.45247402537078907
0.5451695438937484
0.46603296060852356
0.4898263969026651
0.5158189556474668
0.5798961315483555
0.5257614333900653
0.4735657942921098
0.372254000931419
0.3408696107173788
0.33975766215883363
0.353917207305346
0.286524240064438
0.27318528785566704
0.2624264473718681
0.3601672136495568
0.3482704762470373
0.4387547269889344
0.48904905327160453
0.44811333175249596
0.5035900065261948
0.6648451177916764
0.6088380142714325
0.5674293633239245
0.5567348444658299
0.4908334787435691
0.406309341309713
0.4704511009666674
0.18200959310763823
0.1951655489267052
0.2672510160195885
0.34096728202460197
0.3314444143530809
0.3721664386610062
0.3648790886257911
0.4139977049420118
0.4942721837702124
0.3711741386811586
0.25495672835433775
0.28480007446767835
0.26376737680459744
25.310237816793215
0.25635019550905463
0.26263256494393133
0.2685593902420577
0.21559009326850762
0.261448912047745
0.2049037633168258
0.24394152160623417
0.30184584534824704
0.23243982530623253
0.33964917528109256
0.36058134223937294
0.4100634426322709
0.5001549414668509
0.5336601648177834
0.37019448319617365
0.33789922315655163
0.2768297428681377
0.3303918215487214
0.3728749956865876
0.28990351334894554
0.2766744470227746
0.18632634782778035
0.33897073942830613
0.31010028534324563
0.28881673366007166
0.19464722580576455
0.3193674227666738
0.298158518266647
0.30537022054606283
0.23854708313005157
0.19057326215851675
0.23250987051910973
0.39353881291788567
0.3773157778945036
0.5160452482350507
0.4814720399334779
0.5590102556382252
0.5374557219583272
0.6056242012202684
0.4770980774717492
0.5436213320255208
0.5299862322019945
0.5090154226116151
0.5565267125412855
0.5909382969966367
49.78058978654392
0.39720101295275256
0.3760022827006176
0.31552090039594916
0.3659014869255158
0.40032097272419037
0.3386209112947253
0.32858200255709386
0.3482877868710658
0.4362544333296299
0.49241440688814325
0.4421714275498391
0.45779277464261803
0.5595358844437321
0.3401481958760109
0.39460437843190665
0.3774385758372296
0.3598779624610498
0.32032729873571847
0.3511412194664742
0.3782784259573757
0.4900601922053735
0.548104808924834
0.5267034658115141
0.6011873394413833
0.5224792387462655
0.42964712464846483
0.3872735815661115
0.29660073151428007
0.28725023235583713
0.27358183605111425
0.21764556093048168
0.21884150047137993
0.3343855215670775
0.3746323590062998
0.3371001289959223
0.4943669763668406
0.39913061556610185
0.4939137791840338
0.5096984441193014
25.276922878240104
0.41940984352080307
0.3676631755301221
0.38543184998439717
0.330871003339706
0.3843692966288308
0.46409072762940234
0.6029087983152194
0.6330941308146639
0.6368460242501351
0.6853648829335576
0.6054597456592691
0.5703733586372008
0.4620297365696178
0.3493585596960427
0.26049153634750893
0.2336499989864745
0.21707976586054412
0.15806095874844592
0.15842545123043658
0.18361085007963082
0.19335324096890197
0.23569641936282829
0.39491771452550756
0.38766545916950396
0.3903946672664014
0.47257047681803227
0.40926439031673634
0.45309427058476137
0.48215004356453045
0.43206638272973014
0.44992955897791803
0.4915395958827046
0.44757990552144894
0.4141180630730761
0.23750380940027496
0.3295229235490163
0.2834309910565804
0.4129926159794408
0.4631949283349625
0.42389639832802417
0.374155433405764
0.39601283429455364
0.4252422391444894
0.3834825472547377
0.2460254085889152
0.27565424476103667
0.32407688519145367
0.2750519987678955
0.22957875903932382
0.25997581588128554
0.30567299195042286
0.3686813964290722
0.3260321887295972
0.30563720695344115
25.380428208845085
0.48839093946769335
0.5284184053590885
0.5161149323261329
0.49756130497224005
0.5065191426477091
0.5319588904611091
0.6200931351486632
0.4976849907374697
0.5276343482591955
0.5625306297886205
25.79966289901387
0.5225991704799838
0.5312939359538379
0.4182195900237577
0.38425146170502905
0.3715681017568295
0.37687294285125833
0.3804259995928528
0.3152422523736594
0.2978540104726127
0.4909720393864711
0.49200675950404643
0.4897928017965218
0.5642733571128024
0.5515765145081125
0.5311186062674583
0.6747560569074015
0.5657271460436393
0.5092145058631041
0.46267516738354625
0.5968787176738497
0.6556930394502922
0.5572620060255615
0.6125084807884719
0.6697700968716612
0.5898191440564858
0.5368728678367223
0.421242814232905
0.46650565487404155
0.43448746318083176
0.4437823086809431
0.4479165725355008
0.4809005500604488
0.6470350377351951
0.4697384377735587
0.4720010246664659
0.26535175154745066
0.22392727531984014
0.44747845957669696
0.4436320348665464
0.44696931480087354
0.443405724693517
0.4445343842211396
0.39698276385515013
0.31060916696684043
0.4842623871325917
0.4973124479436004
0.3889388134645782
0.4151452676733973
0.5023779327705725
0.5307840912719354
0.5845249706202224
0.6229322339689075
0.6065959706063665
0.6411604808225397
0.5576770089279214
0.4655685644478395
0.41828755445415206
0.21515462935593277
0.21326262382559155
0.2581156616540449
0.24082329623274512
26.40945675865854
0.28147214562834816
0.2932267396555191
0.38116912750198795
0.2990139286061134
0.31085868298592095
0.24650035257420258
0.162726871567856
0.1347393540810116
0.26591740344587617
0.3255077748058666
0.39755789363906047
0.38531292987283333
0.4259207634504267
0.5176108408274965
0.5701017410869641
0.5277706681029662
0.41832967865108056
0.3790814795239252
0.3514648649077922
0.31089765655955653
0.42054884084096233
26.142179138136168
0.14640449379792664
0.13377118633807103
0.13087691297036447
0.2546893551282136
0.1981956703187853
0.1992886038419691
0.3709650823217341
0.3159360193158866
0.3613442334306984
0.27679884326395754
0.30091820226573907
0.32479616063744104
0.36438830467373057
0.4674057434274226
0.30502228891163624
0.34513313872640533
0.4406838397920656
0.2955840942701216
0.31030027274714406
0.23677146604518437
0.28597231924206706
0.40104253425156955
0.33259506281034673
0.36136843537849134
0.3512064549875165
0.31034792974389114
0.30532368044437636
0.25951969236595557
0.2066031154757693
0.22178592724674137
0.18626921468724644
0.4104359518298755
0.4041096759771186
0.2830217994511776
0.3389994338574342
0.3255037907075741
0.4951590257013483
0.4283017000659927
0.4803782989595746
0.5295950662827913
0.48146891393137264
0.4339250882116712
0.4206176853015405
0.38037123925017086
0.2514408636938058
0.23570737472185263
0.24932764657553275
0.2671979062111924
0.20129706883067877
0.22591328380648354
0.3515033103641496
0.3991620000185585
0.38608747638424273
0.4003928603882789
0.3408351207276937
0.37721193319770635
0.44268325769497147
0.5441921221005793
0.5788083482687849
0.5893901803998851
0.6798501025112657
0.5413466666938654
0.3992947535688649
0.4245309718205161
0.31766660946500036
0.42181551669761624
0.5215578169175985
0.6021565069620549
0.736760981151548
0.30746470261745334
0.26095464058615775
0.28248465177375537
0.35977508159421473
0.3150556570286734
0.2898769345926157
0.3421443195454114
0.34421806550385653
0.27316901300237423
0.2582618686236596
0.22600077413734931
0.21618630166265604
0.34728155518751597
0.3376369962657451
0.40120651910125793
0.2857894336766789
0.449981944510536
0.3625538850650177
0.4103867078104276
0.3774957342662108
0.36360682805650973
0.41668231885344026
0.35719224317111425
0.35154352628091584
0.4274468925178511
0.5441882562328336
0.5006417305151561
0.5659766897092778
0.38083622546488566
0.41754437121777005
0.4544076397078029
0.4366558913482981
0.3840689701171753
24.46367236183299
0.23239768429635768
0.322854835599202
0.51439857428286
0.3345443796951708
0.35175228140618503
0.3518791354910537
0.5286724400162855
0.5185387483169892
0.588311238966307
0.39820763810286336
0.5466127809388687
0.46670549253892674
0.44507936285951266
0.44940673286431654
0.6042647655618753
0.4339383160886632
0.4323206679580733
0.5486257091397643
0.48230346256109496
0.5020659722091835
0.3299736964717445
0.2906230272846295
0.35446910055824743
0.4469114171509794
0.42345024873575204
0.3838347635013331
0.43975604258101475
0.29183707038732226
0.3378270709613475
0.292922880183648
0.30272174328769014
0.3455200115453121
0.3474575714950381
0.3966138041849254
24.13492653939477
0.18063918939328216
0.24278757469409384
0.24571885760513493
0.35146911410336185
0.39033642353728476
0.5028556904321412
0.529421227517244
0.39116538278980734
0.4164995864008377
0.47667887953980376
0.38270524063242367
0.4308880870436195
24.08625298682608
0.4364266807486592
0.4328430155580762
0.2578944346732907
0.400481237812198
0.4282199730462355
0.47580263855864874
0.4691512577320292
0.47575639220412286
0.8686346736136249
0.6857141901214363
0.6474749010075422
0.7775056659881231
1.203253865351624
0.7203318491759707
0.7083153416771736
0.0804537856121693
0.04985250402998664
0.06052407634828753
0.08594854443428224
0.076493509390937
25.808072702566747
0.1777335467748049
0.2751144690999206
0.2885994546857514
0.3728394701480795
0.623952567534321
0.2622450940664234
0.2638188830029217
0.28063313812050156
0.3007015947325778
0.27606497476058506
0.18880827700319278
0.12537377176212092
0.08895359090652251
0.09151592332159318
0.13396728557367907
0.07262024444596452
0.105160216325072
0.04331383406242264
0.054162243825558294
0.12516297780027466
0.11391222433523196
0.21328477354329714
0.2224522439343081
0.2285372814934472
25.883834418651478
0.20620553936430044
0.17639170604632115
0.11142079762262647
0.2840858010144062
0.22299895780519408
26.285393689404227
0.2549468250080407
0.2256603823536103
0.3016443858198294
0.26918468601893114
0.25045717584828925
0.37902025688666674
0.3757450060159386
0.39915065875216155
0.36356489294665884
0.1922375158159296
0.2479466733217929
0.17383265985433313
0.1675220075537185
0.13380078448247468
0.17208727175020821
0.22968500623515706
0.25413047723356286
0.43922485562955327
0.43714364778308185
0.4831863950256953
0.5964681905592181
0.6348368636794178
24.27720993910052
0.45169734971987235
0.3374617673286069
0.30467698410473354
0.3462258172333857
0.25220432165806134
0.33439404098633396
26.357982813928867
0.23185212756345638
0.23983077169222777
25.854088871710243
0.2111365060112356
0.25628676413550905
0.3523364875572532
0.3343571315749385
0.26878256784799365
0.2642370037640783
0.3066788438190791
0.24887209694757642
0.316897723984969
0.20337130211756252
0.24794352240911718
0.25685822354129445
0.29608379618914
0.34311272397951437
0.35535555766716903
0.32822096162250175
0.3830003337215954
0.47220441456883017
0.4674850098551478
0.4479273410577704
0.4350916580290005
0.4615789146153195
0.532921725454477
0.5999314804941088
0.6419240179105085
0.6271179964011219
0.5736366673615576
0.4919774529099257
0.38197986329631206
0.41533494730236115
0.39620878874273413
0.37745126930029427
0.329853286543601
0.37373095366977177
0.4811040916791745
0.4689661510009642
0.4532258898937794
0.37820870610352797
0.6015454139022823
0.5809932773604126
0.4973218180113366
0.4346510375717827
0.5139759865275368
0.5612917137269857
0.6041850310538095
0.45784190159203164
0.4616220164097837
0.4317712843171451
0.4610417030579022
0.37105575625984916
0.38950234692608615
0.4367413299344731
0.38527433547872825
0.5247810708063237
0.575952257992497
0.5120555963587494
0.6016118214442793
0.6125341563881462
0.5852629518592162
0.5608407350255827
0.5541485147427616
0.6281388337860538
0.6924387875273904
0.6352240056657382
0.6515481073970922
0.7242663984486746
0.5764189325821549
0.5756281659095183
0.5448851776428383
0.5174112645057404
0.4723426800829007
0.4542008134074518
0.45663161268202507
0.5096398628619686
0.43061111944583214
0.4016125526907716
0.5333546841122621
0.5337392648094764
0.500104261071637
0.5326142339755736
0.5507544911375117
0.546719639682029
0.3534890927247554
0.437186500359292
0.4933309579235712
0.5192145884482593
0.5740171014653453
0.5365375810858053
0.48795080448055045
0.426328563304684
0.4061456701953459
0.4815219804724147
0.46513858335816355
0.4996287771109338
0.6456628318779644
0.5821402597526427
0.5544003098018262
0.4692841176383964
0.6504576661004046
0.6407878089065965
0.6102719683704524
0.7383333262977732
0.7539757639369018
0.7287773536525695
0.6108466163472361
0.5716138599937176
0.5675233948333037
0.6271561156169742
0.650024731156393
0.5226786628083028
0.5786299601132886
0.6124731592752789
0.5093104200425168
0.3276122143487708
0.36681176294915446
0.589164888772565
0.5528477974330296
0.5107469551900956
0.4000939376044103
0.3883426913628767
0.35999424362711974
0.31463030395512054
0.26249218013357994
0.3013318335780321
0.2977259140907631
0.35921286166382704
0.41068402067792237
0.40696986564133525
0.5020794883755649
0.38852370656014124
0.43109701118727667
0.31885105718330614
0.3965413660859956
0.47203838374313173
0.44418629271142174
0.5068697985830312
0.4646194480930695
0.4506800459531119
0.37669769387695723
0.3096237628807765
0.26310598729093676
0.1846872731640875
0.20921380402565812
0.20169745246887816
0.167112981696952
0.15652637267950584
0.1586696695110273
0.31614831931400644
0.3354005752021389
0.3648648048284218
0.3269024925161932
0.30314932666514144
0.3363512407374179
0.4010664523247232
0.3627217668834031
0.2390589008058659
0.34756761924937024
0.3561846885586555
0.45622458210531275
0.4726206990338741
0.4624418457597536
0.49324360224414465
0.4960624800015085
0.46146007721769783
0.4644216488238068
0.5129331381581883
0.47577213473636526
0.43682504197829813
0.2591125091547013
0.30687093313828223
0.2638602271549458
0.43569647417542745
0.4275854355399895
26.09677903744255
0.4973410902887903
0.4647315210559535
0.6041679637867533
0.5163519143188898
0.4770706113430148
0.3568175233003606
0.34253378376655236
0.238363003873907
0.28470998803342673
0.39237492042864036
0.21002103523486482
0.21322456804561077
0.3127712340650358
0.3191657145548583
0.3155529282178329
0.3359567600609025
0.3815901697847239
0.393476768369708
0.43555146699355834
0.5363779685311342
0.4910962765825236
0.47052466934256776
0.4390619794771782
0.3641540994142241
0.401088258510175
0.3577937472406589
0.4499659411834214
0.5690592507281037
0.5514046631422057
0.4108424217017415
0.4060640536914515
0.435884815137098
0.6127052973967245
0.6994236733382073
0.6402121438886559
0.6529454013536644
0.6664336819609886
0.5749781351363228
0.6363494273184847
0.5458458366236819
26.34621749202786
0.4835604150594773
0.47650317883513305
0.5042253152975626
0.40347972667744186
0.35596122981141415
0.2728304370303756
0.40762194376130406
0.34233230139411464
0.2728213121777921
0.2902197095309167
0.32411719299869984
0.32384660093837087
0.3594614777375427
0.21658453436339653
0.40182113768864197
0.39291870530277145
0.22651611922669723
26.685102290016342
0.2197132125638742
0.25618809209643106
0.1814251728907835
0.23295433981473398
0.22573356757393473
0.16308896095212239
0.20151802959141238
0.18412822228157807
0.1466471073096189
0.16368340949336177
0.14279480446275297
0.18283983734430176
0.44260190800708415
0.3088663104683749
0.31864492910742287
0.3974830678038144
0.4286710780102661
0.4246346558879243
0.35765343497413765
0.4617174715546957
0.5365346942034775
0.47075124843732447
0.28811440662200166
0.4619568129668496
0.4402381552513752
0.5488643525708309
0.4890994641242507
0.4510064721919056
0.6665827282723313
0.7177439785085927
0.6153307555536244
0.5919866288380471
0.5196676376548326
0.5849136900536572
0.6199323361776711
0.6977255304037514
0.6913879072310816
0.6709169994022691
0.6824131512471271
0.7281099584579791
0.7384527182044716
0.6940349360985806
0.590905662096136
0.5254107090389403
0.36513504815232495
0.48444217751956903
0.4859537957306148
0.3958144820323115
0.31744501296995004
0.3977210677964706
0.35631685088540815
0.3684087685647211
0.30449122318990546
0.4214235850747275
0.459460568045797
0.4019482495010774
0.4175938470261376
0.43422350953738204
0.41138247127959543
0.5550510118857707
0.3319888563870465
0.2912151455264776
0.2547066445201469
0.3151576856668033
0.23792710286389193
0.19502203388541103
0.24329149166794395
0.20477780846588547
0.22591812128796354
0.20252626319893877
0.23911022563903753
0.28031481832084704
0.21409768761516992
0.32298161308720685
0.3743988380113687
0.40081834807579914
0.41531300356800105
0.36476216925403365
0.3345092070493672
0.20624315745850788
0.2382647305364062
0.1475712242660259
0.16479441076145818
0.243772593283351
0.2019752612911845
0.2511239279567843
0.24367612275253023
0.1767317570712
0.19492896046083155
0.15838408854768313
0.21189642935434638
0.40633566056398407
0.3614171343254875
0.4413535044842635
0.38455770618837176
0.37091969711717065
0.31010611313397224
0.34439922045314136
0.29864437423439977
0.2693841348974048
0.3665569564104432
0.35482796505154585
0.42551348235211056
0.5369221857329433
0.5717751884236268
0.5799748997707533
0.36594771451352087
0.44788459801590497
0.4543705542258147
0.296559393367158
0.45344779457454504
0.47419742398300696
0.519371782700901
0.44072610675829754
0.461293555104248
0.3775348268150363
0.4278790304196287
0.5428321661053516
0.236424712042531
0.22188697391244058
0.24916167881309584
0.4203538990349133
0.3176317813569674
0.2625804775574833
0.34228649156387486
0.3509688823512933
0.2811449907014593
0.18093982228130642
0.28204263281456593
0.1757006733398031
0.18262486616579354
0.193735810003862
0.2667959456421854
0.29668139187348114
0.21612446995726312
0.25208144525003423
0.3193156145099311
0.5103445987042283
0.38380303943544164
0.4431348456244324
0.4133522751721997
0.46305940903606985
0.35316530246833605
0.3488500730750331
0.2089054692837861
0.30508054797423495
0.22849429610829194
0.3426819741812895
0.30150463759576707
25.651115917092003
0.47817140554345067
0.5011434353687596
0.4491645017813266
0.4682124001808852
0.3143940549479653
0.2829707598657812
0.4604624204413746
0.4284073378462416
0.3361943799085423
0.47922476027991445
0.568468348554194
0.7118920333526128
0.6931945270499499
0.6792703611320513
0.7100618802649378
0.7148211173075792
0.6951599650399186
0.732481970621763
0.697995842963986
0.5703691616145999
0.5218793695767426
0.619860995581898
0.5834466723533874
0.4995098832636029
0.5018599900900435
0.548695566827386
0.6048880965912112
0.4987600573136597
0.18174491823078476
0.19328057069545382
0.2799200589365193
0.2926359314819723
0.25196328265991097
0.21938696357893464
0.2325783837989517
26.44961163131494
0.4195222938548051
0.3073965434305392
0.4199803905232249
0.3439108109087899
0.3373538840391482
0.3263664067623293
0.34009293263692125
26.217677197846413
0.3087693105140454
0.3187146478620657
0.22586177061085086
0.2527086891723474
25.90156690320291
0.3080287598527898
0.5261871520069371
0.525258242432619
0.5784773200307786
0.4351428972269407
0.3137224012166335
0.37602237003028854
0.3157605755474394
0.28139432722763175
0.23993589526267836
0.22734501052261188
0.2711020006060712
0.24176942013573766
0.3137041088264309
0.2075711833791335
0.24251086321424006
0.23311932395225843
0.2902903953078815
0.22990503669751772
0.23640982684520506
0.23041258940523487
0.24456349803775423
0.23824180976149334
0.2625697413435153
0.24456902919414716
0.22860444319114784
0.23228703172571374
0.24283700208525383
0.18824595725858206
0.19144031839303452
0.24882180991492434
26.16237206636384
0.27895930728294155
0.33898524417778414
0.3008741560852855
0.32447266805265224
0.402077508497866
0.31673154815657356
0.20652555217218352
0.2533446052889271
0.21776987236969916
0.2160258579319513
0.20540335055378578
0.19362907255931763
0.18581463870020343
0.18245246074640972
0.19311526773654888
0.1817157904099479
0.18478911734566625
0.19590219539647377
0.20261514128283478
0.20649275368676842
0.22988800596423256
0.46034441157164524
0.3977179650590103
0.2556130739427411
0.21446766769898973
0.26147917578675445
0.23728214389710436
0.2833402995589353
25.962566258884237
0.33065591196510197
25.215262644206334
0.44918886713754835
0.325713356128189
0.2651955073649042
0.2656280925038795
0.2632875173535311
0.2205906169000369
0.20948917024729197
0.20173640692615613
0.23299836576721034
0.31197598239642815
0.37482873560566476
25.60703903408172
0.3248624292035232
0.41316454914050865
0.4125593973318307
0.558969825865148
0.5834121212026782
0.6039070565371686
0.4833283122669803
0.4752325934749173
0.3362836553237889
0.3120773660990101
0.22496918411172648
0.31596915218569194
0.2141935868771535
0.2764150318815422
0.2682145781781588
0.18721488304402537
0.22067656242252642
0.19540800300906216
0.1785463969067077
0.22419510698063672
0.22692228789228638
0.16752227419533816
0.22215520375883946
0.1254407770821976
0.23065348277759354
0.22741687500520946
0.21697077347139881
0.2826741695133575
0.3126604764720544
0.2125516984516996
0.2683033897400933
0.21879888262617406
0.18373853528954842
0.21574887197244388
0.18006719369088106
0.20359555094948364
0.18708024896102946
0.22936774353013126
0.21198955864079047
0.2752341279503624
0.32211046710988384
0.27680233352610084
0.2808777821276866
0.3805569478565296
0.3951871468317066
0.34617355918276393
0.22609611682839778
0.20240528403017743
0.1328505419678704
0.14967805162693118
0.16535247095605193
1.049758039339383
0.27359843230596154
0.2978780188631463
0.3106340105869782
0.2407802855788325
0.22759945010664692
0.2235343923662012
0.23613521063548829
0.20844375112985428
0.07214672965797213
0.06654313684121284
0.07138994042966428
0.08917977732964145
0.06549956952502502
0.10069478988117453
0.07315472911206013
0.07653809819545847
0.0717551232423732
26.621640256027803
26.600224399160933
0.06248724604483483
0.07801796089367397
0.08607224093164377
0.12160636749631511
0.15484646430763876
0.10752455769301707
0.1205188360956651
0.15355356578077406
0.1380933955383491
0.23557152907334875
0.1636706438407567
0.20484702338801597
0.18723612367369147
0.20390278904435002
0.23531520497052238
0.3281435381043064
0.16451054260081885
0.18933780670524122
0.14551313601967344
0.15256979189215417
0.12491018239313408
0.13590209504093748
0.1491876960690807
0.14493194473171578
0.16019228502847097
0.16664980388056996
0.21246937492005727
0.22118050298473116
0.13473269883709346
26.152564588622422
0.14155268347402541
0.1978806098220144
0.19784953867719837
0.20734007064846657
0.17537036268995806
0.2986577255319773
0.2479723660887954
0.17972446219958094
0.134967107080926
0.23942043746847316
0.16365569397252425
0.0879745996218615
0.11288566873382751
0.1650313108734567
0.13041967271403931
0.1370457772391517
0.15396164425558997
0.1101031085672161
0.14215042853737705
0.2072375236880107
0.16183152677224236
0.13296302250566097
0.20409621096431338
0.18006431763195063
0.3596451968879996
0.3404049452850851
0.39106777146447924
0.3638563666609685
0.2568649575783731
0.3225037299964835
0.25524158178803363
0.17514868017766463
0.21878411539004372
0.10330992907165715
0.20045560290140915
0.26644301577667034
0.18947841851885516
0.19225650686183007
0.20073048182224607
0.18641038641421903
0.23802732121448003
0.30169725469293274
0.1707376257838147
0.15300188521515934
0.16960695882055235
0.25791574602575823
0.36762671507774375
0.35406973865592767
0.40618173064207386
0.34047189677603046
0.30917637990679675
0.43770481777797193
0.20992992325339363
0.11940894377056151
0.15267745882784303
0.2796595450490579
0.26940565081074824
0.4148586679955111
0.2903265430405098
0.19471049978459912
0.2816101431624984
0.1953580391655174
0.1779572417995775
0.1706950672611425
0.21715525989178278
0.2691959320908919
0.23646823929831365
0.1290233742871482
0.12117586689819282
0.19799563542976636
0.2728000043945819
0.18708506367784258
0.33295666986682854
0.29811049150122154
0.4496586009021773
0.27374138332822034
0.3200223187076726
0.25648415316008527
0.17448142797115382
0.2438734392042569
0.13161910909638377
0.20782507166090627
0.29840908937453464
0.21255071970422565
0.22666443531943078
0.17769471949831903
0.12400757874578079
0.1583883496494035
0.23342933813977898
0.16607673362480663
0.10099765163812306
0.0955264218406856
0.09737662638387966
0.20712181121392836
0.13301446802060454
0.07805693997042605
0.1390601000634191
0.15334047412678586
0.3507145888303176
0.39798838294902567
0.3737138874784473
0.40191030672983374
0.373657261597696
0.36238360304159184
0.21814426621128627
0.2271832756324131
0.20486237245342567
0.11269754915864222
0.14345518176986177
0.2795311693273012
0.25353117400079417
0.39021531166273604
0.21618874044549474
0.2487726071210906
0.3511068945166138
0.4146316673591508
0.03773460909374849
0.0792872715228869
0.15228459732709088
0.21620931159744336
0.15412407623885788
0.3086908661042575
0.4417018107419864
0.5225470862586835
0.466062532821677
0.5230342124975426
0.3030684365286342
0.4037379744455157
0.3973547054463135
0.28857174585377676
0.22975752617393894
0.1693731428551288
0.2697756524239123
0.25426704989765003
0.14812054476223716
0.19434182299683708
0.23763408994678406
0.37542119316850836
0.3497773257371863
0.2718533679510471
0.28151576250652016
0.3341425851720383
0.3013365256168415
0.29608848547272765
0.32969121833323983
0.3787410152350943
0.36164053324405065
0.17440332020101854
0.19839119070785305
0.2482801044379683
0.33648149098235397
0.23181215704113844
0.2816164742109653
0.3356703404317178
0.29370138804837936
0.30991755469433174
0.36950206080046977
0.38223430990456864
0.3482307802974744
0.3177663708653749
0.3824446530810697
0.2539594467469347
0.2425993484783803
0.15746909738930956
0.11733020408817595
0.17362897420070109
0.1255333182443394
0.16132297241999294
0.09584692441647778
0.16417062607951718
0.19191370929550447
0.1705575477452683
0.19771998087727968
0.23499814388290177
0.19115853247534667
0.28405741821418246
0.2121632002120499
0.27426749286275776
0.3115341303719071
0.29315749565968346
0.341816871729464
0.269310031628826
0.2527187320936119
0.3246196195226305
0.43003309978633003
0.4213612278587724
0.3340653115981696
0.29779053962795093
0.41313139118667624
0.3364635340475804
0.28352888877199417
0.18801906476928007
0.21316254313768832
0.20856687281327577
0.23219134255384918
0.34721398928145214
0.2902084504136852
0.23552896613788846
0.2432609807644468
0.2532870266012391
0.27165456568992846
0.23289852090116522
0.18669658731416935
0.1999854326787194
0.2918959469401727
0.2760643299402745
0.4483582095712189
0.40074761305666023
0.45051454111334827
0.29903080633535767
0.41555501059250344
0.32473129161890196
0.23189540458151447
0.2566675384053964
0.1906653954532871
0.2802156649201397
0.22722210597553436
0.15401805691237666
0.11043875102330518
0.17832904822235596
0.2447106552262592
0.2605797955986652
0.20912718581331888
0.16496056438339549
0.21987784791675902
0.22334893367394235
0.23726565760642715
0.2314443813685035
0.15817081685551682
0.20758507107311663
0.24662600785083974
0.3885322195153497
0.3410191817299613
0.2755147040217998
0.30069094557770165
0.3736405687499307
0.2750976112161191
0.2584780860510611
0.3553492289408742
0.3602086879347648
0.3723089114207863
0.23648487338288296
0.23671465586784493
0.3082747714942049
0.29071000092979365
0.22971515956062216
0.2523198050033023
0.2728821494569943
0.29986707389180434
0.25693939385635794
0.21092743325011395
0.18354643034487658
0.22032981092308565
0.2183944139660595
0.2489344014264172
0.194405122926282
0.26143253979449166
0.26196720862393846
0.3272060477231988
0.18752924341408303
0.16360467520222088
0.18599446710649323
0.19272437173247084
0.19403668132001006
0.25315791965727535
0.2756251207836926
0.3133076436234213
0.32322046513024016
0.3389250093467628
0.26765379319797644
0.27912726879124655
0.23942869609210185
0.23655922940396712
51.489425824282215
0.34000487297182663
0.30636894038197426
0.3127869691214617
0.27135105205187754
0.32446810391098196
0.3308310121300169
0.287142386656807
0.28494860743310463
0.19719991913838045
0.25923210186400286
0.2523505604274225
0.21443022530435973
0.28457047820080916
0.2989849677561148
0.2886558876713124
0.3511615041541038
0.47745365759362723
0.47200668996517464
0.34291020127652044
0.4157338866480846
0.6100719791078971
0.5012843204736986
0.5625831566245489
0.5725888297427913
0.46888577044485774
0.4700737644899877
0.3084753959995931
0.31377172381592167
0.34828011950125104
0.4928619959252456
0.46167773016441654
0.4798442865324409
0.38312469325875
0.378966081001516
0.241929193321433
0.28424469840646666
0.3082707123329971
0.22528279015478977
0.17390912895911273
0.29578639318203953
0.34701680279640224
0.39532660048576296
0.43524767889704014
0.3930813377889886
0.4342762580808348
0.40652410396545013
0.4805407065643643
0.3178948664194355
0.27590545711859266
0.43816328174250785
0.36723927536059175
0.25996373142666196
0.25017995212966243
0.31860197634058524
25.524777902224432
0.3549044013331735
0.4051037982720312
0.4633227636720018
0.4420650436347999
0.4676138437985078
0.4702278256450674
0.3949102606636492
0.35855550777008544
0.3463975438755016
0.3150219665510338
0.2895957927622765
0.20081038878914917
0.23628227482249495
0.3058475116117954
0.31643061801926764
0.4003985848664369
0.3693133252180885
0.4074195453887066
0.46884929825549526
0.3784313579267302
0.3195399480285027
0.31204744963497727
0.29548260385181796
0.21553509948216895
0.17333647717949785
0.32442293536271083
0.22856420070350195
0.38562911318137
0.7123702012745833
0.4694491470043247
0.3845589492078017
0.28409330174236275
0.26857134562343715
0.2950740948338889
0.2531310730382868
0.2662254729727107
0.19382213571000928
0.15475152246649435
0.160807794773708
0.15196920374404368
0.09874915419013046
0.09689470864611506
0.08008243723513116
0.21750759515069137
0.22497607083144322
0.3069908562429388
0.39463077054310175
0.4053695570031232
0.48890817482689536
0.37654676114896946
0.43639312944157255
0.37659401856188834
0.3446839841802733
0.3363211347551825
0.2945698582744018
0.2201676317794
0.22954800347786497
0.18876155427855315
0.2230954605332329
0.17724111996711167
0.25509173493703596
0.30035033076649975
0.23592077346982618
0.249985118543787
0.26088330239804025
0.35864568334404767
0.5698758443560341
0.3734123602318371
0.34349258480265604
0.3491719962968345
0.561929868853802
0.5754111098142327
0.5109942229130361
0.45694901104186353
0.4635773187359664
0.3984671937459752
0.16773310153242837
0.16346092510746627
0.23236658673095623
0.29948160676659485
0.18993235761875674
0.2669823512536826
0.3431904817388401
0.26642315621035434
0.2347199812380021
0.2976541144724141
0.29852935025528937
0.3743760633084447
0.5092239459889044
0.3684392708910278
0.490023046271655
0.4664619410177822
0.5848820704252194
0.55680198784379
0.4230400460452773
0.5830820807345941
0.5960556198931249
0.6050576482364681
0.6528599151432184
0.6599715492938805
0.6846794700556864
0.721782640100018
0.8741204658572808
0.46219521116998935
0.38078816433916246
0.3722158640974709
0.22637148633173462
0.3586971631836196
0.3242356649599179
0.4641858108777804
0.3905142676111872
0.4351711034932266
0.40018807246839644
0.3954917723318816
0.3324298439623336
0.3559725103349109
0.3353667701338063
0.4676546990933131
0.400963756510764
0.2756917761224172
0.3904871844394204
0.26917970146431897
0.23554669072767795
0.30594508101937984
0.2607370534159826
0.2549004812190698
0.25194709412778843
0.2203213149941341
0.2614009045407563
0.32069286163118776
0.4338460125163775
0.5033535581255331
0.4880006820826417
0.40477398787000846
0.42185895741977397
0.5626477452123835
0.48829133703936417
0.633486957495235
0.5999612662122099
0.6124327375257271
0.4487910657617084
0.44312606119191633
0.49887300507350246
0.5190347850697167
0.5761834804381423
0.5788949521775205
0.5159299541256092
0.43486352874068146
0.5295999531778088
0.5018775380081112
0.6414211781475024
0.4909155597886418
0.5240651279957814
0.4425048341467579
0.5665734771618104
0.4279381221374612
0.34827982736837226
0.5192217127504782
0.47685751912242474
0.42124356583230665
0.31529067302872854
0.4023927167156985
0.27567473851819746
0.29157454869903116
0.2515650200381132
0.1611716680377541
0.21993229262361527
0.2718485234410637
0.30342405186390314
0.34796522854004536
0.22948797242672336
0.4594688887027843
0.3665810848818707
0.4129425694898791
0.4832023326720554
0.3866359689716014
0.2589408625082963
0.35776207385109754
0.2713764573370488
0.3430969908691553
0.28463220986296384
0.28299717831591753
0.24686136512993828
0.3713871708521707
25.34110714992089
0.3091892847036885
0.2671099593710711
0.2680087391438209
0.34718029923302646
0.359619929475905
0.3209096935729298
0.35154110727452403
0.34974007988994044
0.44571231011599766
0.42018943928190366
0.5331514066480924
0.4874604832550451
0.46393813254763333
0.4779817677569016
0.5313782615809526
0.5060691490233206
0.4138858265636263
0.36089448508003424
0.3898142484652008
0.3246946257838849
0.36150417881732055
0.28817536462303217
0.3216425240554371
0.28117395305478426
0.20678020163613242
0.26780716787016484
0.3252647258063789
0.5452244623016259
0.4672742926831736
0.5513177807850337
0.5262212777557944
0.5445575878836975
0.5292919271722551
0.5468335809409465
0.6049767318714895
0.5982958717767277
0.4677789853652356
0.4130767796641943
0.5566740565931424
0.5641749813819561
0.384699261693092
0.43500887381009123
0.2965517824968659
0.40156641049750447
0.3510625858522534
0.2925365766782517
0.25654234739045934
0.3122461583879405
0.37301708171430664
0.35238899287726655
0.4868830641400512
0.4993199660615222
0.5353826105503409
0.5122133544161377
0.5842502398780676
0.4492904633152941
0.39999317794861927
0.4586480868699512
0.3610163269772791
0.40492043923170035
0.3800583940099386
0.2686240632854083
0.2851187760831598
0.32229787134519555
0.33946371801179964
0.36263528212046153
0.39242453851741715
0.42449706200428206
0.3012167313903842
0.3826028158949846
0.40224387302375075
0.41063851776299504
0.4114926250373457
0.5967595347921753
0.3809153079603684
0.4780608907204075
0.42293269561480623
0.5298819235908999
0.43419934711036307
0.4314406155413717
0.35089491556430014
0.3980305799756674
0.42525870006335637
0.5602757970843725
0.503754101396937
0.5691895446542556
0.520458554648008
0.5615360255301715
0.5622618348653688
0.503295075269431
0.36213691359440164
0.24990991609813354
0.32861270527415815
0.25706945614323357
0.27042169432744223
0.42334060087652975
0.25549893588340583
0.2795824104711245
0.2226905824129984
0.2495606802090613
0.3205647881852827
0.3398967932110941
0.3559562201593465
0.34328351018719516
0.2414088231112689
0.5078995459490682
0.3081193473129135
0.31247854664962627
0.3100604152807881
0.29535623743766554
0.3911103427544372
0.4588145375186283
0.3124230926868559
0.4208079293047124
0.3867088512148702
0.39990354341575
0.4232734309809845
0.2962454898523944
0.3740653858242839
0.1977047781362029
0.2764979783008513
0.45071238647300027
0.485985846112209
0.5937357054264071
0.5327657451585298
0.533773450749894
0.5447657976963189
0.5671240877722674
0.46508722781750383
0.49843425830615046
0.5264555297118966
0.6864694781974839
0.5447173753403852
0.7195451368625346
0.7552948596121224
0.7450179731302704
0.437064652968931
0.42497460412491517
0.3713782635953533
0.3568445724073804
0.3819632273199363
0.35001588576367326
0.3485906423753134
0.25396119436287706
0.24688495281562597
0.2867882630589014
0.24174139799582892
0.3085676844416967
0.21540461297939054
0.21451256648080666
0.3161909161810576
0.2210368792737646
0.2317241168187458
0.2303940588429735
0.24586246153646388
0.20079457738892895
0.17830460578399462
0.21085924320988836
0.2382524628573386
0.2280450662119624
0.24739614924501133
0.24452329508737933
7.668840015403866
6.7854977901047135
1.9314580172563838
0.17379893644501268
0.21165844110600054
0.3017571337497437
0.2508829935131565
25.531719411383495
0.3564409326424485
0.308551758124979
0.30033168211665723
0.24384635759600357
0.23353009898787755
0.17742976652907505
0.1919594763805886
0.1532454208152821
0.15126405766088646
0.16325739806915757
0.19508572050771933
0.1903646877804103
0.18161190271645752
0.15915203381703244
0.17747771519038316
0.16110169693322654
0.1891962974202577
0.24623742844511268
0.2533918896691798
0.3252347903779726
0.3827811538039707
0.48971580957839667
0.5222571821425431
0.5049618940739907
0.4480692019114098
0.4521209891989306
0.3871796434592735
0.3827043211196202
0.4036763054924503
0.47472187039553676
0.36645715033977266
0.26182544967747007
0.3426483504505598
0.34900790912522917
0.22230003456620584
0.15952583879601356
0.20265036820588822
0.22921134887439307
0.20303152260013213
0.28852771103330244
0.28455175785516856
0.46080177045600573
0.343025316971109
0.2297044110551878
0.4544362593009991
0.4765512988144443
0.4754203913451937
0.5618537091769543
0.4850339000525108
0.4647595861722859
0.3964835282217038
0.43020636079546604
0.3752681908093092
0.3377384947742071
0.3474694179832926
0.29000746081749385
0.34918595486615667
0.3831689346704586
0.3115519663198208
0.3377350002760451
0.45600817000601257
0.3900855914970856
0.3244707263367425
25.91604370386197
0.3295325532346349
26.053101047398332
0.43280466653476024
0.3869995581744384
25.68775894566762
0.3545056360461971
0.22856088381789652
0.21525320487320743
0.23722425035432923
0.20370719001785054
0.23488337594907258
0.3238065944139608
0.26337904360706826
0.33736265986832503
0.33064972410907356
0.398491033316257
0.4378599241365066
0.39332989844027216
0.5579269821984735
0.5516217865730241
25.623437436955722
0.46801204395253104
0.4034021510087866
0.4990553856408364
0.46011698630828607
0.39233154408258725
0.2946876950563866
0.4238846307197632
0.40004269639509693
0.4351475617374297
0.4423575240939199
0.46038970233861365
0.5988099459051348
0.636211378132607
0.5054412521452006
0.5229304951155163
0.5468942757205942
0.5556073124656167
0.4243583798108698
0.4254578600225523
0.3664393813219655
0.4347147886624662
0.3362751793326906
0.3219939796073061
0.3166041768290871
0.3276471482372945
0.2061270177414701
0.17448654996698368
0.21144508542330112
0.2105382310429372
0.19393429498331005
26.293236514165045
0.21981930700811092
0.2855844464846538
0.2207827477278549
0.3440364359744567
0.3855183156955751
0.373677056306263
0.5090393829664402
0.4916648581442733
0.4747351644781665
0.40243266657270077
0.49119572853223786
0.47586382734740296
0.2634107945502014
0.44933343835138073
0.4678558552043146
0.44988673945092156
0.3517764139495208
0.3606951897833281
0.4118507425141212
0.41854670394970644
0.3132389809261145
0.206828102678005
0.15572290516376205
0.18193146292546902
26.24416500427168
0.17332170495526011
0.1934725796797601
0.3024749112675103
0.40916963229081943
0.35638855767142735
0.36514497542083907
0.4924189815301572
0.4140913081930225
0.3723554458515816
0.30018617636894396
0.2781651218185041
0.5874211129757873
0.620412619270109
0.6876741822648818
0.6994478933158154
0.8003676598777091
0.7495470310262506
0.7301124324039349
0.6660472353506643
0.5951093104240516
0.542690663560716
0.5894492319259431
0.6459401104869763
0.6844337933234522
0.7837161979237844
0.6794466141441126
0.6471764961815264
0.5997853423029043
0.4599212317581037
0.3663835113700058
0.41058422253259047
0.36490240266355345
0.4228212201982735
0.46271444123647604
0.28619714705776406
0.4985727162619771
0.4103276709502876
0.5348591040489233
0.5233610592753215
0.464050297750155
0.6789115646111078
0.7907588901979185
0.7223103853396321
0.7554933162442058
0.5962252960141277
0.5306795699770696
0.5454641060318096
0.4847842373500149
0.42907289556246275
0.32443659329824975
0.38279253055189605
0.2903290171767014
0.37284827920033
0.3828931094206274
0.4864157609772479
0.709803858965504
0.5544769609043882
0.6192623291394376
0.6744154890168081
0.5796647055319322
0.5768164652053823
0.5371330504001102
0.566004144563491
0.6066235250546606
0.4254790487288637
0.3449260507194745
0.38587353841292343
0.4047615552500603
0.3458548287003555
0.2943935763992635
0.3427447301946955
0.34698799041959094
0.40728087780553374
0.4509901656205795
0.44187208976917597
0.2929439938667681
0.2860578861352354
0.15609693554139054
0.17717123681358668
0.21150371553179573
0.19698672117553492
0.14844275067285315
0.2691134335447274
25.497363505926256
0.31145999149014786
0.3466655273517602
0.35839004824917636
0.22789332676979457
0.2792841279483817
0.2934295546202009
0.26756115267230973
0.26596571063914126
0.3560478655007407
0.4036830802618865
0.44666022273496475
0.5531555859144015
0.5321947901969458
0.5485881420602545
0.5985016658003701
0.5204003948662346
0.36874714413573867
0.3698244199200003
0.35149955645328285
0.26362557845546736
0.23642050542847592
0.2381806870114084
0.17250341134379032
0.21790025737808252
0.3125250040300968
0.33986317317025055
0.44141352000265544
0.5230872128808234
0.5065355611753758
0.47222542044399457
0.5158314763864879
0.38738194389800146
0.4967603529183315
0.34517983892008447
0.3559468964122095
0.3089675793681324
0.31165642185956044
0.3512086595304238
0.2642307669804807
0.26116991776546356
0.27233391082157304
0.2925843668748435
0.23418742092669045
0.35901014605877934
0.321775176330002
0.22526923697649617
0.2877935765968512
0.22586935982873332
0.21403775915074263
0.17557220844976562
0.18613314914162407
0.21246159425351696
0.1896023560759819
0.2599097738766196
0.3121186967332928
0.3178602207217835
0.3572827362277175
0.29752528043785353
0.45560124381447437
0.40021396187796787
0.37342119836234394
0.41314853437187365
0.3581627924586975
0.34369559288517665
0.3249773417476887
0.2716481390479812
0.2701644180972458
0.22679784627653185
0.3223945637573727
0.3978985090340262
0.3895914693518789
0.47216257773107806
0.4207360537476079
0.5733067729442051
0.4274659825417531
0.5357469087922307
0.5766265832525094
0.6077434172654691
0.5319389874170164
0.5183310719353875
26.177786613582843
0.2816057312775873
0.30212057958189786
0.18964096760455473
0.23819306142802246
0.2555889253882678
0.3097178100399807
0.3636675373918103
0.30496956664677377
0.2962426616374054
0.22333396218274082
0.13143252074796555
0.1642278065100615
0.0980667204135257
0.1490660458647832
0.17619423818013802
0.3498123425318091
0.3953746275352768
0.46815713857201463
0.4559311855089341
0.3791052904690561
0.5442042848792096
0.48036300676225824
0.4657554316409958
0.48760202218789184
0.4566094533603657
0.4409591329298583
0.5651162210259694
0.6035752550149848
0.513370251008073
0.26683097511618964
0.2833042393068945
0.2351101691151477
0.2928296166710916
0.341230303268643
0.2716955521689778
0.32793654925599497
0.30540856768170316
0.23334158740441602
0.4477003750715429
0.351240513670754
0.4543785668012932
0.49417014285576233
0.4088348060432696
0.4456934950586883
0.4082196971570098
0.2841228354634884
0.3792168905071751
0.25050231599707423
0.4011457691589399
0.4176093715048322
0.41281327104948423
0.22448606395741424
0.3184596946317228
0.18609013503393199
0.17415946818935524
0.2199840740492254
0.19603942730762944
0.1708269472563891
0.27867293086790107
0.3331950985699023
0.3341736871453051
0.5639890560400312
0.542997615757893
0.4318570523296062
0.4151465719749215
0.29701038480866115
0.4798447282970855
0.36125749313065175
0.46594760781662875
0.5327729383147538
0.46664204253365416
0.5538579984697066
0.3928724614014736
0.3268837861259787
0.33917866810696645
0.3828202045865406
0.39241776548340335
0.28804117525224876
0.43588296806871396
0.47051602625431616
0.4629431510043707
0.5459537809239006
0.431608061408635
0.3818680314772867
0.3665567611795019
0.39833232294146725
0.4243981354893216
0.22876512919057432
0.34391268900135263
0.4206737660185458
0.5346394897592374
0.3982910910474975
0.44111258501060996
0.356636643149612
0.3884748017411715
0.32724262768769535
0.22244602776567368
0.30599069539468426
0.2467520823003735
0.4490018645205762
0.453271910837685
0.5008157418835787
0.5265317811243712
0.44299003091785666
0.4940046811291234
0.5153300446763965
0.5599306300415064
0.4240464607099598
0.3595717556989603
0.2542716935239807
0.16950182931024593
0.1314499480958341
0.13350241335300192
0.1843406196515552
0.23572200734205542
0.4725769869978384
0.39995907413223275
0.40840399188623544
0.38014794917335565
0.3708229555174503
0.4067563262407021
0.3249260885465592
0.3405169002983959
0.27779844701993556
0.2312983853276298
0.21416096902587026
0.4525917496803575
0.35727254597789054
0.3322826124972554
0.4531683181150805
0.4225658515408914
0.42768006106596923
0.3977958652181794
0.3477946020838408
0.5384916851871462
0.5382102068594614
0.329260744728616
0.2474663285440577
0.1844525090534214
0.2396782230820853
25.82619542525129
0.32426903404466356
0.31377657568415146
0.44158614503493404
0.45612527372439066
0.33298919410289185
0.2534095788515747
0.3270923352889612
0.30821348679535365
0.3265592110808795
0.3278525024722035
0.3928720505094558
0.3688848208919828
0.43768487046543014
0.3918183522889505
0.32270531796026597
0.3931172792889299
0.4711414698061365
0.33530577708863146
0.4026175557383267
0.33714788256384737
0.40815215816889516
0.4704598242729367
0.46740985682980635
0.34991351558485784
0.19860985968871944
0.3578594637843214
0.24336306135941033
0.37968363471259464
0.27594627476263683
0.2652654924389037
0.2191092363611361
0.17404459762997912
0.19805702911703657
26.097910795612123
0.18233512995608822
0.26200021482474917
0.2507757613273967
0.17736388297332595
0.1911650886774305
0.21567431778889543
0.2550985568464496
0.37080022976655425
0.24501321713104032
0.2579933179051274
0.1891945869829905
0.38748728703864366
0.40935958231992603
0.36016390754472116
0.4147035194495176
0.3960766949137739
0.5121877761165855
0.38705118272598904
0.3493246944225599
0.4062035439026855
0.4691542492356697
0.4325455743588334
0.38835967996990267
0.4044808516775258
0.2781833809433699
0.27869463111225007
0.3226803150463932
0.3899922945206625
0.26695170294441883
0.2691639269420185
0.20713264208660134
0.21696523516673963
0.2581478232367867
0.18036411997197654
0.30508592853987065
0.2956434503153518
0.28881804073177325
0.2657217092178333
0.2742198588558245
0.3388310483031422
0.25280500107696957
0.349253379371504
0.3350308393197008
0.28768430594634026
0.3290264069414276
0.26782434141093464
0.2652313596862828
0.20333891925216294
0.14185139960922163
0.17157758499001918
0.1977574080851565
0.18485305270254185
26.24518589982654
0.22314538911336568
0.24690454300581752
0.3485723832041998
0.3090332874598211
0.37808003580920624
0.4905402796107829
0.33404244695165825
0.3002881803764699
0.3327963439713088
0.18058328597389914
0.4198802828462987
0.37864254305604733
0.30567757910251614
0.2704137942081224
0.2633800461935279
0.23720861941524385
0.3857638488440959
0.2795093554012175
0.21044354968313347
0.27316818035843926
0.3089481391424544
0.38008317099447303
0.2448925191092195
0.3100423488933948
0.37126627310994137
0.29984612667488186
0.22206685487786174
0.09882072182440822
0.16591569570385056
0.11924994639160225
0.2268395676202876
0.14755132124967582
0.28918242459676885
0.12318907004272851
0.1646392247982839
0.15764154630901148
0.18488410942784342
0.25825831717059816
0.35467838992357237
0.14217992486355105
0.1636383329143092
0.14756435698339956
0.12474114534993541
0.23856267497740893
0.23980976411052635
0.27462464200434356
0.24449719861696384
0.2700392842857062
0.25520672405923656
0.324782789401396
0.26482210250329435
0.2987509608234576
0.3623558608410717
0.36723498396510257
0.2847626277595739
0.22891400128230832
0.11090039067409806
0.19875511862912865
0.1802328010325461
0.15520318652169576
0.16217459216218305
0.2001508677591779
0.26233082912451583
0.19074471222606829
0.2294569897986847
0.27499877439597237
0.3886903989991468
0.32490451388572433
0.34929548400523935
0.28201981700070383
0.25194712480764325
0.27203993669955834
0.2502764367868013
0.2645608354544166
0.3591081019740951
0.13782607739201416
0.16794482762088103
0.21723892576462936
0.1732158314528329
0.22923352586148119
0.28174177356617874
0.2338413885692104
0.15751264485512162
0.15366349658852466
0.19535896713304068
0.2903822693846882
0.2246791552094988
0.3113703325807598
0.26926798613695324
0.23817411933545932
24.737484179344573
0.23663093355581957
0.2513459925680413
0.25097247574556764
0.10342246971031517
0.12766634247466715
0.07065607418280076
0.12670384984329983
0.5656973531245378
24.925931874084856
0.6262154449595191
0.5223968897519565
0.4686556144843507
0.28726881333021576
0.4169496340069634
0.31356316411013496
0.3018561237609387
0.28576052972580546
0.34652679872941244
0.32167278184687675
0.23749329957126256
0.24345892866682908
0.26958200129299587
0.21703882558622423
0.2512679425629747
0.24760133252720187
0.25808210443766855
0.2808541775822835
0.30162330291623557
0.3561208037982038
0.30320014565153675
0.2740567004681536
0.24820346360606485
0.2354427113077939
0.3145078533228138
0.14092519257135758
0.11558508383923942
0.24359468380447036
25.152640757723862
0.3343838276597583
0.33849355345989246
0.362594754089844
0.4746551885199201
0.430361637377308
0.3911897355317993
0.3452759933506688
0.3828879082200714
0.37046606035902485
0.23753746041647608
0.19650526386004977
0.20862310917807084
0.16287854387898448
0.08867562299329702
0.18821180169030152
0.21682896505802962
0.2575735268317108
0.2522155466159959
0.2738446168236964
20.120670786334724
17.314458771371477
22.047857971094118
28.45081789450813
0.3920838846166432
0.3520898433504045
0.26783132858463904
0.1572184255079542
0.22474995391262076
0.29692063532636914
0.2559456712551225
0.3981348495676587
0.4671363177398115
0.3610244321080572
0.42555048993453654
0.3146209898328986
0.36991149082872293
0.2963289510597134
0.2119286134152163
0.2895267322456811
0.2773756310533945
0.2578772802694453
0.28736200254791827
0.23784883922131797
0.2814191720736207
0.2471825779212622
0.23387381932556509
0.2688159117520548
26.5780803611308
0.3177531511995214
0.30531182146099217
0.17761974590303087
0.22987480649370284
0.3022118642792848
0.22238758501462286
0.18259298875285704
0.37297145134048715
0.3744907913055198
0.4023626606437764
0.4235391123100923
0.39443350989613696
0.4588278966850663
0.5215462909899774
0.3283969165648723
0.36555505616344597
0.3854210771960451
0.3402773711672225
0.1623080066012597
0.19015824484228164
0.09212336211886818
0.14499189679785743
0.10621853666293486
0.18080109655579502
0.21585797322531294
0.2852178153166312
0.24741138987605701
0.19776129048225052
0.24658852299882858
0.29405726892266476
0.19819716972527923
0.24806295669136458
0.3020351035499556
0.2777269350895866
0.3332182721929418
0.316123998479425
0.23822933178849473
0.2244330350555852
0.1306572145465795
0.2746259398254473
0.17894217869295836
0.20985315859840256
0.3328020934758919
0.3746681404614775
0.4621347993777725
0.5484683650867699
0.43260640335627465
0.4594456230970474
0.4729935307666712
0.4741804536366547
0.47575636237200625
0.34756631008327155
0.24500531106609932
0.31020794852163985
0.2916032186154361
0.22522924040052095
0.24458947760513175
0.18683004455673088
0.28943676472306235
0.31951967318986646
0.34354036528107784
0.4075352397798849
0.2778842424186518
0.32085115604515047
0.21882926253274892
0.1989154739667446
0.25941080593116567
0.2453049610794067
0.17267838242397596
0.15723934497293238
26.20722467442978
26.40670921934286
0.15674400505376293
0.15464836989750974
0.1637568372265841
0.08851019843446517
0.16008875954916094
0.1710340159778676
0.2838642869918661
0.373298821572265
0.1982227035354079
0.20150065559263
0.15955062947380375
0.15902689878925652
0.08683075007735745
26.212789531631085
0.15498114484055928
0.1424929737730705
0.03931393101624004
0.061707975499150004
0.039345438114434805
0.07231290526759133
0.15444902522691525
0.18632933934828388
0.17386418703361328
0.13361116182500643
0.1840445650912648
0.24349670725639014
0.19135119008308302
0.18787520489002893
0.06994153505974035
0.11235688808758802
0.28872702252750204
0.3613029749424701
0.4086883397301036
0.34381487544687434
0.4780184470122429
0.3745444856685212
0.36005654703618933
0.2131191683790382
0.20796972088873353
0.18048425307073246
0.23965129771380914
0.2808269466895185
0.2007971339918326
0.2991131312806314
0.3173420143850006
0.2809652369458477
0.19544035014567487
0.164894245419874
26.136368980153282
0.289657577284107
0.08586636043266214
0.19659238592856698
0.14136985920753345
0.2540809054285246
0.15490138211148588
0.10619643933919272
0.12361353196483449
0.1753456491375268
25.68340898823458
0.11995158874389156
0.17927578833871696
0.20624043798279343
0.22191885717430063
0.19611012618567555
0.31858659322027144
0.2588691145183688
0.2532906548592422
0.32126732344527126
0.4377079205917804
24.87913517936694
0.39005943958521355
0.31570433430906725
0.21912518784201598
0.2413164160321658
0.2269067128607906
0.29011113511198344
0.1724562446625568
0.2521397253766145
0.13865353872886033
0.253662940606828
0.1162408376235818
0.11992150187668664
0.16780892880513013
0.23465281982811673
0.17320245727564712
0.15112369855934346
0.19156236143096392
0.15378332080631288
0.16961791878486654
0.6169707527662281
0.4877618082364987
0.3771290076973301
0.28187345667626756
0.32052226200778267
0.4155802869349529
0.3578530236432178
0.15753240226012333
51.332205448280284
0.2009260934732333
0.27408600452042753
0.20218821228266237
0.25033070758373344
0.3339556950283878
0.30903015795398653
0.3901175735667816
0.41732908746532865
0.5357903296614658
0.2954197347032145
0.3746580689648405
0.3684436403062164
0.543788423669013
0.43598379491715517
0.3234703414160013
0.40736267319960634
0.1940067226874337
0.20996726121821677
0.2925133663591293
0.4501777511541918
0.3981680136387753
0.2362857889290472
0.34695799879853695
0.26246018918246455
0.2372370578731965
0.14398960248623716
0.2567613062056252
0.2131339211610662
0.1283168871026775
0.1943495160730868
0.17341095334104747
0.18776109287692286
0.24177198446514558
0.2140408609067188
0.27722533704681385
0.19826088842539802
0.2685888790920352
0.3863853255855834
0.3242511085602408
0.21658046689425103
0.08743068535001182
0.1558161307043918
0.14555580045218175
0.15418027040389196
0.19314938860060762
0.08177489593625174
0.17923051492556805
0.2680965459723819
0.1600645338974924
0.3274420752683969
0.4851816103420156
0.3825326506395175
0.3288174731716353
0.35973125918548393
0.5361956523128243
0.5751836917239331
0.5089940442436353
0.5094457037154273
0.42724339005857653
0.33399264167254933
0.3789625644348909
0.299027454516821
0.3846324874415606
0.3071022659099349
25.63710943244504
0.32933310453353076
0.3206125689814144
0.33024722549428276
0.4501127758489662
0.38541846496383814
0.24489349913823003
0.19642465527808928
0.2792586790194396
0.17567975363285895
0.18588280297304605
0.2178588417603585
0.12481816318393285
0.19704172620584207
0.3545300108708036
0.16774493502630286
0.2686944847614337
0.2332070113834316
0.16473551375332
0.17530464338042706
0.16663636507871749
0.16210924268250027
0.26089437703735247
0.20642931523605138
0.35818609311087607
0.28954976849157804
0.3837201793965715
0.3908641202088912
0.47711344019475027
0.5124239630209437
0.4471448449676394
0.490539011658856
0.518411199210625
0.44751244736248924
0.6138850608339158
0.4752149601633248
0.37536445861939693
0.2194523802212438
0.2046043978368249
0.17485295860957775
0.08400787131307179
0.148506265025841
0.07569088253572614
0.06354409600007403
0.062231852869077016
0.059521163376271065
0.148290418528229
0.17065404253040603
0.1719066079145605
0.25812041015059595
0.358794747677631
0.358027590049063
0.4291433229253494
26.869685022442862
0.32132559417923295
0.19329412966714354
0.21263078551078549
0.1592436214958208
0.1651028247464993
0.2260406260201778
0.204108839809244
0.4189595119543241
0.46947881445030815
0.3346205326086465
0.3786838634375034
0.2942432878723942
0.2369822905572898
0.2807032586318443
0.34188901158221374
0.4846449511078939
0.31210770349635114
0.238740524906374
0.20784449552849835
0.4169307691186286
0.3912625280915978
0.31886215013822145
0.4192353121149328
0.4688006750171823
0.434235911835198
0.4184688956194837
0.3250311325830702
0.44737696973028024
0.3296231476648622
0.3828235996595401
0.3784705571604596
0.29622744977324705
0.19843740342448454
0.28326510428994117
0.22157896846566816
0.12108488685718498
0.1871918691186171
0.1172745305389421
0.2952099104873479
0.3366032247223014
0.2167705823250614
0.2733549163741617
0.39665836677164507
0.36132711812988455
0.3443979271882662
0.23097081375028505
0.40015779233174786
0.20409746591335687
0.3188505557246927
0.17859251288011402
0.23194601597886647
0.221463114354321
0.14342051263872727
0.18300057443435294
0.28016354063406407
0.20393577270924582
0.21734038467096917
0.40503870977701784
0.3704565926498506
0.28620643385512995
0.37296815881484474
0.25012130087625056
26.702554342827224
0.20926852129638074
0.07774580092038057
0.10404415874266591
0.1413324262062056
0.1556271192556453
0.124304000315187
0.21455099947619335
0.19884574295755045
0.23495973495057534
0.4527049283715643
0.34203883927752504
0.34107187604292016
0.24749321457820092
0.3337246986228479
0.2682196338933985
0.18874577864522316
0.24066082639181785
0.22457658544035977
0.2168988098877671
0.2765178602601091
0.17948641198898238
0.13829580649071402
0.3659643115967664
0.37250048252348433
0.264614120605499
0.3166053405126408
0.5080403806982575
0.33324296046456897
0.4661900401185959
0.36363895254225626
0.4030661505190823
0.3406398289508896
0.4007285173929643
0.4083142207909726
0.47212952248592566
0.37054227893011166
0.3125210329869079
0.3569694798209391
0.31985440062126796
0.3519964585813329
0.4276659250548068
0.370562612194095
0.4632316582067986
0.45636622687351647
0.5437641266181851
0.5735296713631843
0.560954753996544
0.49328124052176664
0.33656876592207396
0.2084579716764042
0.6359021558107624
0.552991465156235
0.5531334052034338
0.508016801558348
0.4648373284253897
0.41046830766543724
0.5058038933630269
0.37271597292917313
0.3315286691198392
0.23495571155028486
0.16757274697617852
0.12068623421642177
0.11932120952682533
0.10996893654306973
0.12425207127475148
0.1564292674847232
0.19385969237664927
0.1622328878411546
0.39075004019682874
0.2520683945817042
0.2979176653007199
0.3728768279399233
0.201395901962522
24.90559144913493
0.3131085795572498
0.34181210781405724
0.3828515203130424
0.27391186560750236
0.33448054208292866
0.3070973976311375
0.24486070429853402
0.24426098024290888
0.2514926798365545
0.3056531073034274
0.39357422114434093
0.4609807389496932
0.3889797182907931
0.24986373733790956
0.33230468549800535
0.40894327432511485
0.44397698434304217
0.542647344212317
0.5662575228677195
0.4035302809174799
0.5145846780466624
0.4273072310677494
0.2940918808740702
0.3516275500524266
0.2997983044727459
0.2824427434921349
0.4561519544395745
0.3252673270314695
0.2530965941932084
0.3253922772196094
0.4512195358223763
0.5858101836592474
0.33755558947292635
0.4321869864517309
0.5007384428670912
0.4084694881826009
0.4215435597536275
0.3118110316648543
0.3379972046170632
0.20901318195166643
0.19165263557596168
0.24343546367758742
0.3759880614601147
0.33477079819492944
0.355525271510084
0.3215796383168347
0.24956983699516636
0.22971207399043592
0.2644684356558878
0.3091072712418632
0.30971041157657303
0.40501148868711523
0.38267345694707755
0.4731030018931967
0.540378805273417
0.5261876020414648
0.2358036946068681
25.205053383677466
0.19567444465846764
0.27206836522388533
0.19509369788968742
0.2911140253461455
0.29385659767146216
0.28642829834276046
0.3368326395950425
0.4286901617591545
0.48368230862369693
0.39805890655123743
26.358656342226567
0.35382444726650597
0.33393203978517394
0.20055883723180443
0.23321503910420652
0.2158122297906305
0.15044092991902644
0.15600308776119307
0.19514601833323478
0.270356723726232
0.28944063216949606
0.20224978618539077
0.158017268049322
0.2547581056065618
0.22808230592568243
0.21413077702601882
0.22480002360227289
0.310028095594784
0.41228887064189884
0.37137760365015926
0.3383709385375961
0.3338382425620107
0.23490958471113035
0.1861923296655502
0.11228216260030206
0.07258711212952033
0.08591313284391201
0.12720284341895147
0.21281899711715346
0.25148782492339955
0.3071885725159379
0.26521555550744536
0.3883370813876879
0.3754108691947368
0.2747201249057913
0.2526616314784426
0.2178658006231009
0.16860799934124462
0.16355755973103353
0.24156797051469123
0.1423391315609814
0.19936906851792333
0.25164182634343213
0.12168412371419639
0.23644999528041058
0.20959754315205456
0.09080552765207296
0.17250518751965474
0.09578217471774732
0.1180878951828917
0.14844770807752025
0.2662436165997411
0.24254032328501207
0.38692175565165465
0.31005502739938984
0.40036609554462094
0.3031434285448025
0.28381042442043597
0.23982992953264484
0.18190980247367383
0.23398695959978885
0.2531299069252068
0.09803540224773467
0.18851282007676962
0.17773146852073987
0.20899765468183892
0.1345655510816798
0.08869351791209135
0.07906002104517436
0.04117144324489336
0.07389070678384983
0.07081858862382381
0.06075952995395286
0.05611185492953195
0.052673032217167515
0.045751557150883575
0.0902211955469232
0.12625587330218044
0.09173199592047966
0.15401207022698085
0.09159262337130551
0.10440309950332599
0.0997782427038978
0.18249032523707256
0.19773827195891439
0.11937282319597649
0.21939602268217492
0.30298845485405584
0.5115889740725549
0.4491584548495606
0.3710973673998483
0.4904876518174954
0.41409197136187953
0.2408493208923529
0.20561443920393618
0.3136807688963948
0.1576270218511254
0.2674651214997059
0.16893730792543482
0.17713416123724265
0.16623908112736505
0.1287139161706976
0.1227482879693505
0.13685280955432588
0.15782539611257038
0.15391047014491888
0.12082140893578214
0.10307205246333656
0.16852994043651184
0.10535532998543924
0.17750288288306582
0.2719674710293438
0.22848945468104218
0.24217904151256334
0.2850915067444623
0.24190568884942368
0.12679067062012883
0.17674493346892842
0.1642947029385601
0.24770421599633338
0.21180563576174274
0.2157900105453571
0.2884470486729667
25.850266915477235
0.2850761524874303
0.295414676656202
25.664170409940272
0.19390679963009597
0.12177393868972276
0.1366494976939727
0.09257575140961609
0.09099605424151376
0.13258790734348458
0.17641482656923044
0.25371007235650755
0.210053917755878
0.27796596376279986
0.2977272889719246
0.34837464447213917
0.3566300018793303
0.2305513161541796
0.2231860742469339
0.23155719670495797
0.186271261093111
0.11694966063678923
0.09021089000177128
0.11712549420748208
0.10758836702424422
0.23293703912846073
0.42401220003461165
0.42503378646711054
0.41683283335182536
0.34656351085193865
0.2568633088880209
0.39111328886230345
0.18710680268575688
0.12384622903551705
0.14980036203321365
25.55325186938046
0.10935745572659004
0.1543419697411121
0.14928026815085252
0.1351678131389192
0.12112851913586793
0.1328371697731878
0.1061736882121942
0.10836359671028602
0.13494152386504654
0.21915286786806706
0.17352274250748354
0.26172030547970165
0.19801493992603916
0.19941228087737772
0.2193781946981422
0.23730946406275633
0.2943718729646572
0.3106999578523179
0.4150178821190034
0.32705596762759814
0.3600799312305574
0.3588462530634191
0.22995840088003408
0.3607264728876772
0.4706460508460167
0.4753618660197125
0.306002841800725
0.2871380219556023
0.41214278654097053
0.37464570889021626
0.19393300977409741
0.1538351205093621
0.1729008879930254
0.1573083069158375
0.27635387116267934
0.37934582071034467
0.23535130128151502
0.14115427095531105
0.2993013888920274
0.2605909574879823
0.29358485618612945
0.3619759327836402
0.28325309687269096
0.25088109847357126
0.26574966839636427
0.33996559324294245
0.3388892492894766
0.27947109828866584
0.20046420925575506
0.20924802960993186
0.2506632533332716
0.29883946048433013
0.43873510019131706
0.3876166946265421
0.2950033812580143
0.30030408697988725
0.2866080962367791
0.3876004243324512
0.2852515266019751
0.2381385545640221
0.2511411722741692
0.14783293979279555
0.19192878038872926
0.23641648809364288
0.35312091616086194
0.31466637381046125
0.13030256232723234
0.15886841124359577
0.14906711512247833
0.13714625906490246
0.18126418507299547
0.2835860222293034
0.30505552645194894
0.3793922672079713
0.3641780784413508
0.2726548429710997
0.4068479530816691
0.43443469631092113
0.32122682462787694
0.21122967714108168
0.24020969070580486
0.19180639932442367
0.0724251736560854
0.11869164586295507
0.11075646458491534
0.23127098972710178
0.1114087425387487
0.19925839650615199
0.16230508476286634
0.17478322498928955
0.1824452246237117
0.15825357304956802
0.27596038137963963
0.32098240988769966
0.37655683310729043
0.24615324320694895
0.178057913003284
0.15512134989000612
0.20354530386018843
0.1734487022230574
0.112237749095684
0.17255936949601505
0.11316322957829221
0.12927199625880773
0.21387735251134118
0.2727705398835974
0.41072717805386505
0.2462428154798909
0.35566282712299513
0.34248771064082656
0.1777896532239666
0.2313490529667186
0.17381589795800859
0.10219017460126044
0.1370216124502722
0.3366987858265134
0.2912707944321146
0.29363909355525325
0.31705305102159015
0.36252300979026847
0.26482508541068966
0.2682744898035814
0.3923321949575385
0.3995758763128878
0.3759950858253316
0.4464469525648252
0.4293573095432565
0.3922289050435758
0.3544714753252447
0.3435433918735391
0.28638811662551006
0.2811394959532306
0.2965743421679033
0.2791205240850982
0.27768465283945887
0.2834061711387839
0.27649315090784526
0.25977566866305585
0.40055041508060113
0.3791216358974779
0.33963096611486104
0.435198054410553
0.41753155971802114
0.4704985750754314
0.2995285940884385
0.235312781664087
0.23403154783740185
0.2895470349485731
0.32119015933312245
0.3047546728389144
0.26315126277116513
0.3405371101316903
0.35946403151869744
0.4421455434060921
0.3608643249126327
0.28375716147433827
0.28466424651892225
0.34352503683281516
0.2994440053863034
0.25761481968880096
0.28334558896476914
0.299230691165973
0.39155892377963997
0.37283649298871185
0.32773196028460855
25.947724758768967
0.5014548519948737
0.35659876207300084
0.3118392125591945
0.359656840173637
0.4257364447512583
0.3772942417224841
0.37737890856835515
0.4352145226520984
0.40164094442843723
0.3838756399176048
0.3848453642548151
0.32978998574618035
0.34910197942466675
0.30664864051812285
25.761106276727734
0.34565051352681203
0.3815942581949687
0.4924830512924614
0.4673031097120038
0.40208259729936247
0.4377801816206925
0.3436471451713185
0.33552884133539734
0.23376107625734277
0.19863925277077507
0.22765477921368735
0.24094881520428535
0.20482984533897872
0.23812269408944167
0.22489582588319443
0.22186479655965094
0.2632259924687318
0.2128200343765985
0.37915881549184144
0.43500684636873105
0.2584506871151219
0.44335174038583186
0.47499351477598434
0.377627456893636
0.37022906387371884
0.31979060891788547
0.398986605781312
0.41442816184383374
0.3790822799167011
0.2703241321204107
25.722839644375032
0.36579804081022543
0.25337424550000426
0.2084274506421561
0.2608730329394399
0.23323465993684925
0.25628183198689386
0.2897743459788761
0.2595062015429231
0.3744327432549391
0.27816625427628244
0.3046728049934368
0.2211353730294483
0.28054187454585827
0.31277110210985454
0.23748168220808596
0.28919749428042074
0.2077404612558589
0.16862915386658986
0.2846464746056934
0.1786288438553276
0.2409175067824908
0.33894701880495104
25.94196427549603
0.30665832346670935
0.24905175656073678
25.75644958359436
0.276192949258274
0.28606106814354004
25.683178317905377
0.2874541359431782
0.22125761732033214
0.22674760772905853
0.23727283302182886
0.28118849265482154
0.292098692754969
0.2237806244418796
0.34000830658846554
0.25622760307447395
0.28719567849625366
0.21068729587867252
0.280520806898493
0.2174328526256525
0.27320025109207285
0.3507889163457683
0.28258248707216355
0.3815950038107218
0.24976095112234406
0.21382111558164343
0.2068346596609547
0.17361541607993577
0.27462440869759136
0.21587217003797507
0.22069462459048914
0.226894712379925
0.19510816680803433
0.17961467021624666
0.2163512517697955
0.3038233883964113
0.16492336968038365
0.23956088699797315
0.25018762142846146
0.20166845318021706
0.2347388064221131
0.22784781214031927
0.18058973179582152
0.1692624735309188
0.2006501381928257
0.13861834668582884
0.2687318299943759
0.15659770042256538
0.2069575696139947
0.20129116792713356
0.14883851548038365
0.09849741100608866
0.2174017576317923
0.2672231935006489
0.1125711716726024
0.20025014299595487
0.18606022256703722
0.23419780722983474
0.22811656329904698
0.2333504781866107
0.10352256964934052
0.13162982475024224
0.0996262166583231
0.11788775482436016
0.0635984459389758
0.060492240272425835
0.18659867381601467
0.22277921571835027
0.18054456416645573
0.3198367380188349
0.1889399440531271
0.1850679668896078
0.17296809659683912
0.22603790952238953
0.29028037742133656
0.39328479919867926
0.37842952983976264
0.45416643138914653
0.267922960469177
0.31082087022184884
0.32885449965436764
0.1510155984658386
0.14154698175257552
0.17953487732459683
0.09884445076044408
0.085280551206612
0.29906098069635284
0.3651575383776593
0.3250361541177664
0.30694336367947256
0.26197258253713834
0.28131891879971677
0.2579121484065719
26.31730028935759
0.31795815152299944
0.3171310041539958
0.348922185100911
0.3504365805513849
0.370491477261986
0.5020449534120983
0.37344800929202
0.33705299857267096
0.3527148866124394
0.2618732755708369
0.2682551918308584
0.3288463215155055
0.34181768142975716
0.28066847014685353
0.32874574809722007
26.369379643824683
0.36776992578771384
0.37888716358106184
0.4225693321933341
0.5621019078968409
0.638648772770923
0.4026452561388573
0.31694682891672316
0.4217963134292
0.44357802068813773
0.3243621181539387
0.3095322721363865
0.31592144662904076
0.2811529726716751
0.2899697914003742
0.2779171856197898
0.31326819432975
0.37358171875613194
0.4051307036635332
0.4562486017297811
0.5963816716842717
0.6260966832750281
0.45233374999596254
0.46081227570508676
0.43308523622242534
0.2621390479495187
0.4172609887370628
0.4437521057937574
0.3585847431241873
0.44729386809963717
0.3492987028894368
0.5247661538482898
0.5420939028301067
0.46618676273296594
0.46597133982678157
0.3669210956072022
25.752174403230402
0.6994176761193632
0.6725797908858392
0.5720799606004906
0.7163483975267938
0.695702047258474
0.643628502874358
0.5938078412525807
0.45458853208084626
0.533921245137186
0.4059867300607602
0.35463150856661646
0.38162733144637406
0.4014607277184439
0.5019992086683432
0.7401236705525392
0.7368144933021622
0.6233596479768971
0.6339947149665116
0.6601219665463035
0.5332300090896774
0.4366289019865172
0.41494674153967365
0.3715037153653486
0.33860565520603036
0.44261222417258245
0.40262773599366053
0.37735586440655283
0.39085390278610516
0.3997032829425422
0.5525051769289154
0.5056119579871886
0.7556601937007864
0.656679027825512
0.6419440153196011
0.6671142085476859
0.8587392434402189
0.8570169862147502
0.8329494314522913
0.83739432735518
0.7520683066039654
0.8584276887501754
0.7171522323972407
0.5705743426174584
0.6838928958728707
0.7381239452509755
0.6366207404040767
0.5747397635978482
0.6750564709844827
0.6513616474032107
0.5750013957317252
0.6166067253711147
0.5811847854620537
0.6741531061855349
0.6622576473018271
0.559700099739783
0.6046492896278352
0.7015058101336069
0.7369670226520371
0.7626992421542912
0.6473560360600693
0.753206835071004
25.435257415094735
0.6107262750857626
0.6845313456967835
0.7009021171844004
0.5097818163360023
0.6351808829762063
0.7154750687662229
0.557078449311507
0.5450413626374152
0.5071652918069677
0.4608880087065912
0.5081792710188557
0.4184586729305361
0.430282338951041
0.4156951190143814
0.4157654548426051
0.5924705294847125
0.5025502595314763
0.4930295656696743
0.7122350028418412
0.6705938009680773
0.7217402083144644
0.7138229752425586
0.5758860143913672
0.8237647582464502
0.5881064139974089
0.6369310650635314
0.541325207610488
0.7359494154304466
0.6303731209815719
0.5421147791734738
0.6057087498304279
0.5417468701689622
0.43087664915204305
0.40004862262817253
0.3476935201958427
0.3813616816070026
0.28283914767107704
0.2618575787094168
0.27611014458978755
0.3100961268206853
0.3985060102762265
0.4156237070644459
0.46520694276639496
0.44011019344289387
0.46703280105913453
0.5467564371154395
0.43122517013090994
0.4295065080012237
0.3691320896720816
0.3222578896274751
0.461939484053359
0.4281827726428283
0.4267042420301748
0.34231731173588625
0.45576841019436626
0.41403492899969807
0.4987428909667446
0.39392352291918503
0.4770713511028488
0.5219662845506644
0.49421169590695424
0.4488428245784793
0.43541048525115905
0.4194621028964239
0.48159679594490634
0.35774837398005027
0.3365004541504371
0.5268105079497118
0.47406554461124895
0.5591450638450275
0.5219401335856502
0.43450150610710275
0.40503090314625645
0.43347305179772455
0.4607356463078491
0.44718997941721944
0.3311837474555305
0.38539598683451176
0.41376261880928267
0.49502302251578695
0.5131786916873974
0.6494268396202729
0.7496755240999399
0.7179867425421923
0.792847888101199
0.6465828527684495
0.6535572537218393
0.611011360859882
0.41853806903618773
0.27705251848928564
0.41587752015504936
0.30352558635047444
0.23506371104137624
0.3178131267331437
0.4886720659214709
0.44910412453495724
0.434498350565226
0.4435119941687764
0.5177138165717604
0.49238758635851987
0.42805685090246476
0.5879169411372384
0.5814699522940371
0.7091880685072196
0.8216579464639283
0.6394153999895039
0.6729264905899562
0.5953770094561067
0.5806743276885152
0.5347590235409715
0.4521034154302917
0.5143383713549358
0.5608284595695928
0.510847661955947
0.6722271048850169
0.669694843840964
0.6176834756460075
0.5085420359392369
0.4878821561033982
0.4456678066541282
0.47313756021321857
0.4167042700553949
0.43145056831238193
0.6039627629815519
0.6341098978683658
0.5331609184159422
0.663254842364991
0.607628799341639
0.6949876355539709
0.3872629718391791
0.47838019951062005
0.5859325514646135
0.642160744319442
0.5675708790370209
0.5611524197423259
0.5362651161306474
0.5668512394334692
0.5269191752503131
0.48351054142340494
0.5038614611950413
0.5144392533150618
0.5010379452113822
0.555488506704498
0.5482179931506017
0.7076205052700898
0.5247939378419426
0.6746098397138502
0.7639147309291353
0.8118186519202766
0.7861025157662267
0.7059135198705184
0.6701635560838284
0.5278745110710193
0.5019129863541868
0.5118492360167513
0.38643738410149187
0.45219468732069074
0.48292157163823063
0.5086839303035512
0.597145937110895
0.6287806639462649
0.669240376229253
0.7320949725563736
0.6254057482383308
0.5153865601294079
0.4670334879554026
0.5140646436780495
0.3557759029651994
0.32027074912129283
0.2972608718228177
0.28520406998191833
0.26637564317359036
0.274648762208219
0.2798992691866427
0.306410390098798
0.2441838656713304
0.20281835111935645
0.2751017046021846
0.346761314725132
0.31654957986769583
0.31884870849537883
0.39134148636082394
0.29095469291010795
0.26368605189511046
0.2111506634843013
0.17296214645555977
0.26935989222239853
0.23326270215391812
0.38648792257898396
0.4383519700000898
0.40168448345213603
0.31124654300199484
0.46564557598681927
0.3830621255076582
0.3077775615834503
0.2934311525069237
0.2687413437255025
0.1547291887519667
0.10731074465256324
0.12627497576593386
0.08819724367519007
