1.3667162323781064
1.3046634805660795
1.2107472876839582
1.4107644082985935
2.1544549093439582
0.7218828501276102
1.4039963109999773
2.288757147243145
1.2081045303089828
1.4489657336237043
1.477860745172464
1.9703526203872366
1.4108926837724185
1.1293239697113684
1.1592768240383353
1.5947098409439435
1.746032946028415
1.1823114406107573
1.8100866080635807
2.00309318637449
1.115875384141
0.7483343866740201
1.250116259839102
1.4316523102713539
0.8938569639209796
0.38863559895049565
21.2123102275562
1.4067919174742622
0.7622852987485462
0.469920301446724
1.4179342515603446
1.2999964565213544
0.7698217629174428
0.7773713252574453
1.4945940859456475
1.6795826089100088
1.0492094062688289
0.8495490731941455
1.568222507102455
1.8046735174796638
0.8272550512073731
0.6756172364213922
1.5336513146850725
1.1883902109588165
0.2050666409236912
0.3628655924954961
1.5610966285295074
1.3719208801685354
0.1765127576680913
0.27749580963414294
1.6446945980880672
1.838193427745725
0.15209848770269296
0.3609238654060866
1.9505913576095488
1.6556774543564836
0.0743818324109817
0.14519598565819225
2.1040099902081453
1.6422464971955826
0.24418779869864568
0.16983849942633805
29.777020863916942
26.987908089051608
0.22673237974491123
0.17255664653229322
1.4528192560017814
1.4103907839122638
0.2816257588823901
24.443585873045468
1.3156307711444066
1.2959025676985922
0.19916789454649872
0.2981805973394158
1.0980365110559673
1.539229162931899
26.77437713201542
0.15921046182760407
1.742883030071161
2.0612079601771276
0.21727959321259785
0.19368923727853374
1.7230245853887294
1.4453866216752915
0.2024892956921094
0.35540502372463517
1.2443017878752192
1.4848960330315062
0.21614787992588855
0.19265159856081804
21.21369289454856
1.3793212644621584
0.45778849127527704
0.18731363287039604
1.1390149201964046
1.323452557048723
0.17141901114318195
0.17744969017892562
1.525966991786545
1.3721710435280967
0.20431443821092335
0.4239232395362512
1.5457499692104073
1.6787758911525346
0.3342443031080782
0.24924049700291234
1.6854250381757696
1.5858042189737873
0.46335218767851977
0.17911755039733832
1.3381851119668902
1.4276226966271557
0.309635989161034
0.13874821696182246
1.546984387975424
27.412604339207604
0.11835189040487375
0.13190520151477966
1.3812994218645236
1.272938226877508
0.2781761955458917
0.35477650089703394
1.5041541775371532
1.7171557356247606
0.221358820185941
0.263337162079661
1.4624790968498074
27.608645396922842
0.266834055413599
0.0852890747691509
1.3191007232158216
1.5133400761701634
0.17255462498602125
0.11271547536666687
1.2225915853411709
1.9698055497069336
27.61888021619309
0.257232675612998
30.002888617863054
1.658442751563607
0.2663711650562879
0.3214245778584942
1.5711163942835766
1.2119543192570366
0.22981548735028312
0.08553130717448135
1.523182493294817
1.3687237492047797
0.2008234987897545
0.10743421834564423
1.7542972038364757
1.4360242934401695
0.10141727700882576
0.11512261686917837
1.4599040810304744
1.6407797134887865
0.2860721873010585
0.2915227214644523
1.438649135201177
1.5550980053194532
0.17673432553208426
0.0794268261902349
1.6798591280774542
1.634695578616476
27.234008616326676
0.21243844984891774
1.242559668625605
1.5762356716379284
0.27092579267413097
0.25497481743438943
0.9747715996502955
1.2445320781768145
0.12499171750884264
0.08637415211096429
1.5687592127985677
27.512712844214956
0.15229902843783275
0.28664089841950696
1.6110246638477281
1.3505972369889696
0.2520704271527425
0.08370152652145829
2.0368104305984733
27.418231936005867
0.2108588768964582
0.11979185183785485
1.929734215055689
1.073510559777573
0.0853598844252701
0.06718444484894479
1.6064357897694204
1.183291618650721
0.16340588142352036
0.19032527752223102
1.8374953098666833
1.3090583193564689
0.12056586486461257
0.04866053282155091
2.05236520405118
1.1769180643653123
0.20936881563395263
0.13705445697013638
1.6594496509568448
26.90944622070933
0.1357664314775839
0.15993294146099915
1.6192929498339579
1.020252907316617
0.26063540866671747
0.10627553426247185
1.4347301955538039
1.3580891965715742
0.18487178606307628
0.08353377907258507
1.7520724013405942
1.1914791856187723
0.19414706213928098
0.35022763976129023
1.6768817914874392
0.9857930388643894
0.15419004989156518
0.1567752195739166
1.8130262356540348
1.3735231687670293
0.38771070177433903
0.22162375355251604
1.717777328140329
1.2026701954115313
0.22854533258951695
0.18568931670934613
1.676312341264235
1.4543063029032308
0.14245487224895773
0.11937509537306903
1.887530161345857
1.207451971889721
0.1759182755428169
0.09912222170960175
1.5058738669730731
0.9269996678938758
0.06421573212567137
0.07127727472437867
1.5123611791106735
1.0627624495184247
27.026038843996293
0.1298692684765839
1.7828586630158936
0.9218212710571614
0.19162735924287078
0.1856363547811331
1.406158961358327
0.8778850262547024
0.17409107198886994
0.17451952119851988
1.7080976898125202
1.2561495275470709
0.13290016045576666
0.2050719415432702
1.7690264297919334
0.8583545789620037
0.37407878693953306
0.13021578217276705
1.9284413516114365
1.0627778790124145
0.18325534069578386
0.05947267169970279
1.3223151920419718
0.6659549563170081
0.11175720917525149
0.24644143572989738
2.2797762494913054
0.6557826428478559
0.09975659425876904
0.06015469709716826
2.021679618658749
0.7724702676471995
0.11140437674513463
0.1328178922084357
1.593383802388914
1.1376413180200917
0.10919014392496167
0.12660425732437444
1.9167053842610782
0.7505448395640281
0.06389754576871438
0.08956204848417416
2.077609849812325
0.7843901231641495
0.08015739819885927
0.1317737674507154
1.3765750734864688
0.7534897890772551
0.08999693368973787
0.09278869872089826
1.9565607783369072
0.8394333396388404
0.18621100648933245
0.0944322779674058
1.4550775518919263
0.6964106866764285
0.18540214837656377
0.12221688617254053
1.8521288507299676
0.4757948569804305
0.17580268236445296
0.10180017490443816
1.7380523358016393
0.5544497760582977
0.18421896386705092
0.05576972740432011
1.3796142261204736
0.584968134947143
0.16939838958753817
0.09817001059946746
1.654688353405518
0.7090906721229404
0.13988044029174335
0.11930540566264837
1.5907367588988892
0.6194585058339637
0.19828193987802378
0.07007974939536485
1.5887997771297977
0.6056577031109439
0.21154033709880737
0.1606183510044093
29.068322331217683
0.4075772650317609
0.1339320390556936
0.045000688866264876
1.914531902832885
0.4402981436075451
0.09638912530785831
0.10253101825740492
2.160967900666095
0.4360152387487018
0.17893925535104338
0.07530388085504583
1.3881931804462242
0.47113250937377954
0.08885234918467466
0.07185001896777951
2.4288328268410346
0.5776601867142128
0.22949670531150404
0.0859049636149673
1.9751227542922103
0.5027418742013905
0.2417675631210906
0.11055726258258851
1.5754212197992223
0.4637446969230622
0.11835841639910043
0.10305556570874433
1.9336442649735823
0.32096268025871766
0.07937122992996849
0.07006735712487527
2.154179236806399
19.328071681167863
0.16252541072840843
0.11699323539038842
1.377432792565431
0.29842388190840846
0.0762865517080033
0.11112347026172076
2.1974257345416754
0.12331388143231156
0.4095308731260368
0.10671519313225761
1.587090625777642
0.2955311221733064
0.18992581952100349
0.17588154042648385
1.7065288444968267
0.17354106816315484
0.22898621926515597
0.10298155959810217
28.911645790997472
0.3411609549696618
0.1178801632874797
25.042462606657743
1.8779248063571254
0.16070508113407828
0.10538679108326719
0.08885757942728525
1.5131942877966646
0.252638879573706
0.14567604892063793
0.20287453708450248
1.412841572321367
0.3346683933326072
0.11327845610755342
0.08413169476241784
1.5007368474727372
0.10825055711905339
0.12790028272684337
0.0546203166516707
1.804703036981633
0.3181819676248643
0.156401771894926
0.1535450878786963
1.4073996431159925
0.32821400085636465
0.23008015795606454
0.15291877377773186
1.6813883724100251
0.20984348532285235
0.14781927571294862
0.18456505461634032
1.7443439635386149
0.2301006901306015
0.2511780118797133
0.05518899392378917
1.314775221068903
0.1391197858147825
0.1769339591935203
0.06053059819817065
1.5156083875767967
0.1254562489137564
0.2025268390497994
0.13931138693381095
1.2008362606992895
0.20192424361604386
25.610022757022495
0.04182257586964141
1.1717192622564543
0.05995458906189275
0.22783049319244242
24.08448044035089
1.6627492018241103
0.10846562259374128
0.15860146593926228
0.10026123425485031
29.360721451364572
0.05966348486763096
0.09247723421147423
0.12709137771931822
1.239974026158546
0.10089788324094696
0.11827613739532321
0.0956073188451339
1.3972963003937093
0.05302278494431092
0.1603425659926751
0.13594238928407962
1.489880777197151
0.0961256549152574
0.09133453443984678
24.28415134957601
1.0191776262735088
0.18302124239628254
0.2095067125418407
0.04343608232744541
1.0623859022493432
0.06718062515630106
0.08831048240255557
0.043956402742685016
28.849480047507576
0.24591181527991976
0.10851318290200128
0.07302048472193982
1.4889782146452066
0.11418261419507106
0.14926788831743087
0.08557269174116522
1.0600341694651603
0.1113520098877653
0.2006513440253824
0.09383435901081755
1.0496932876094562
0.1361113891492473
0.24561535133925907
0.09561675199986365
0.940525339761791
0.14309614851871344
0.1871419742121291
0.0812623666198115
1.026460085013994
0.049951518408591675
0.0949793747821593
0.06825426687994435
1.0966894262346807
0.09696318820618015
0.1683623494980737
0.07987001052973039
0.8634872831270278
0.1467787979233218
0.19276567958244437
0.0914819700872728
1.0022428912728816
0.09053142340677335
0.20418368318520774
0.1110173314402175
0.6855887575638439
0.06701374214005469
0.1582527121167356
0.06890511588483683
1.1368993662439364
0.07474979782552534
0.08778571231102346
0.054941442652346434
0.9691238531924558
0.06591806485151615
0.22721965376697298
0.14034457052028929
0.8794273596246942
0.11093647848075665
0.2309773857781512
0.11018892315094111
0.7616253542721962
0.04943713702035491
0.3069756234660799
0.0802745578633956
0.6108313521627587
0.10367274337310713
0.1590382003497168
0.13652166834741564
0.9830718685793366
0.06713699892967338
0.17351329097589666
0.09092432280273001
0.8452463407294755
0.11459167217543034
0.09316031750081699
0.09819457242392239
0.9420196690342849
0.11712731232541998
0.204329393833404
0.08570884034790856
0.7689251615021047
0.09088097027385353
0.16449142557922916
0.12338503447120641
0.4742072044293817
0.2275719463930495
0.17128577376701948
0.11321455317732279
0.6439289016590295
0.1101759663497534
0.08048797683464283
0.12308863421159896
0.6557478017949663
0.07111182798566085
0.2084068064961567
0.08438250627692229
0.5877690963457047
0.04848311482234829
0.1814503157213959
0.08465257786125983
0.6077906123256456
0.10596969809723646
0.11798072942341171
0.02046224001146641
0.5371639886000831
0.08588843469279835
0.1972301272911673
0.05690867294316124
0.5235642298139923
0.06664968649687252
0.07495712076629302
0.09287793763633424
0.6264503316827803
0.04899265653657779
0.1304479521942707
0.07179492062440071
0.5689273133284103
0.048076313900630704
0.09115536725592888
0.19447450646458644
0.4311045672506538
0.05480315983143672
25.198331880125505
0.0788880346250796
0.5153775808735532
0.06607096700669361
0.2594182057383058
0.1127908288358786
0.874682220928616
0.0672294134482232
0.2792504062048709
0.169664625306777
0.36054791254178736
0.04771577530995622
0.11960328942382097
0.04948271818221894
0.34431086152606183
0.060850578453787996
0.29946613317508103
0.13233394290840544
0.5860130034899365
0.25371116556519263
0.18585377084246366
0.04278003174112948
25.73590446269567
0.0726274659975483
0.3278890902316271
0.06335289864585507
0.42891397496822165
0.13159452043749767
0.0862916927775151
0.14072876429120598
0.46800091026270774
0.03300196420515907
0.22762661339754298
0.09409133644048406
0.40610266288974184
0.11627176229223637
0.15364821266077452
0.07895501587766864
0.8413855781007911
0.09465206118944637
0.1994914494901424
0.15438397760297043
0.5211056605566473
0.10069838176599753
0.11345194803668478
0.055667023965079394
0.5396179360761104
0.04864509442449908
0.12705447386038585
0.14022708532629288
1.2662294492248165
0.04784801847602977
0.2544493248411433
0.1343003190632802
0.41175073883990565
0.09758648500401722
0.10223027135673209
0.15449457071694303
0.6984648245639551
0.03963350430831355
0.19767622894493406
0.09941589331473598
0.5738053831744003
0.07087091702659694
0.21917340101969537
0.12848975081961933
0.24513295325237144
0.040998587056162175
0.12032997736520461
0.12402736548804054
0.40329567122685195
0.0799600913332945
0.14610737984177025
0.1101887535222536
0.36680973529845196
0.05569000997161327
0.11037802367090188
0.07725956233399192
0.4492585658559012
0.05302869381961804
0.17737808748641548
0.12808159167145183
0.4956679154076832
0.07591418608969551
0.21475544755814588
0.0549687462315014
0.4271936867887117
0.09715305663987728
0.17614073144065467
0.15262196298182062
0.5443422919099482
0.05459872391458503
0.26743566970903226
0.1122065328410288
0.4215436163945858
0.13575739361781053
0.12687768862128235
0.08198461480078605
1.2543830331253782
0.0669946648430034
0.20522333042159446
0.10183222099834013
0.6139385417416243
0.0746874169330104
0.1722436868610203
0.08169579815719107
0.26203556712023957
0.0568770146263266
0.16796795468649428
0.08170699479113995
0.6868459890191411
0.07515047205299275
0.3649863570057587
0.14052903937845873
0.7510835456506133
0.15438624797231687
0.20827621991849066
0.09911372710643808
0.19995453714455305
0.06447842041480885
0.2592719272055875
0.07470753559288112
0.3500427221445176
0.13339174119560054
0.16185841868460593
0.11464139746083157
0.4085721419727184
0.11529838327383489
0.19109019355593393
0.1541964174534397
0.3495847109195856
0.106225111113991
0.11068529736267385
0.061284300638721305
0.2824620596138553
0.05734991522383328
0.14906987747092296
0.1730474165308887
0.15875285579592088
0.05572624387051569
0.4006869485465016
0.17613572101001684
0.17927114701283328
0.19229230521343718
0.1948728738253013
0.06694653645507623
0.7357222348820149
0.05333260933050423
0.12194067899842069
0.1469152578349397
0.19555394871339765
0.0807934409005944
0.1163503774505808
24.56718256380189
0.6946949514458923
0.07583754345989453
0.2764308806678288
0.07507827224813421
0.20341100918491956
0.07729054305646661
0.2063402945652275
0.08288219225179437
0.3956506539756176
0.06810819909814306
0.2505159597476684
0.08138000948618543
0.4549504841331787
0.08360115372304562
0.1730983324609345
0.11083739900247307
0.7431497867267542
0.0626977528598615
0.23366277687272954
0.09677171519021793
0.4129603036649407
0.09347178410332932
0.24776656209109552
0.14108222267964565
0.3719820461067385
0.04383176100213599
0.13840390934788646
0.036527193300785195
0.40330804519852126
0.034439095494012785
0.31039140138539034
0.11360376806724827
0.2783669985961837
0.07908154883031633
0.21686749077146228
0.028862338886137966
0.43899465766570167
0.17136492282405572
0.26724719333155944
0.0583539756229947
0.4265875215407328
0.09504616162554815
0.20365381726352827
24.607581686772942
0.2469241039174652
0.08648078195212462
0.24535897500621603
0.06150014693756522
0.1825021022916264
0.11718380083220821
0.22707154446503153
0.1026473091730933
0.3423665321592032
21.636122170589545
24.991486670418286
0.06351622313934771
0.5009593004601757
0.08552812759132236
0.29092842693164167
0.11083873087416135
0.3079146803323761
0.04460185574127349
0.21525861467077445
0.07507371415756044
0.182813056214143
0.16977126778643734
0.2693961677172674
0.11743000859980844
0.21954321166271296
0.11230057300821827
0.05815515325098386
0.09508015224720759
0.09706205995094093
0.048815183226188275
0.10564247892659977
0.04277060124854281
0.32839586091416095
0.0595785861446945
0.2085033421211143
0.13749707770352906
0.26875451764346486
0.06431250943946833
0.15120381315494497
0.08294832198458864
0.21511635214858132
0.11409452340989591
0.1789200911547646
0.06612156667497579
0.6911510844031066
0.08217441548034239
0.16203622784311575
0.034514703585903174
0.20919673556070784
0.08252053244626215
0.18134848202647805
0.09896576360463961
0.256877907860888
0.04806388192573929
0.10908952416248378
0.07796095766687185
0.3581423188062184
0.07745314730057598
0.35765712623094537
0.07868423851865569
0.2233096286560398
0.14749150437439162
0.2179123937355538
0.0736026793064535
0.3038628775646221
0.0751714501297931
0.18835317160670217
0.03729009080151397
0.2327662270214487
0.07048441793551662
0.14660465513554163
0.07962554837729001
0.48979345367764393
0.07118244050503411
0.15314504074464078
0.1073378454473005
0.1287788506976615
0.1535185112508841
0.29347187698631205
0.062029599140592175
0.18952576147554231
0.057275374952339815
0.2478157269671237
0.03221002679591786
0.16661807582100346
0.05697535583353636
0.23464233977706503
0.06776994262784461
0.12788901693503021
0.09284332867321786
0.14114225549308446
0.08460110754881417
0.14309536731671127
0.061480392928484395
0.27468753625423986
0.13336760403154144
0.28245484207124283
0.029811784473131715
0.23191309870055857
0.06060493176361413
0.12741531580754864
0.1275058221184789
0.2930762449115985
0.10884749859560694
0.18667476754532547
0.0819471107440518
0.15647640258594347
0.0950739260901605
0.2604093435878187
0.05520103425845483
0.25886648295879194
0.08604852627354731
0.2871695415410262
0.07523632241673679
0.20894155101149578
0.09253295481602172
0.2076824960520255
0.12034136954068494
0.2181982001236661
0.04484402594291666
0.34731332498952266
0.13292467189619153
0.15853725562171259
0.10007252886926774
0.24854478421141335
0.07958738365315492
