8.56593
10.7958555
7.6565695
8.591948
6.9503064
6.16411
7.290628
5.917327
3.3884277
8.881592
3.2912183
3.571694
6.01469
4.4992623
6.3797603
7.0453653
8.113802
4.7959967
3.950139
5.867256
5.8094206
5.8743873
5.1846766
6.462411
8.770151
5.977842
6.198433
3.7911506
5.1641116
4.5179334
3.2976372
5.51117
5.0499654
2.65035
3.2896159
7.80274
7.428261
4.621251
5.100902
6.482848
6.064001
7.18472
4.7148714
2.5299954
9.6162815
4.2235656
7.897925
3.3448038
8.536429
3.2858305
3.5746355
8.737204
5.508507
4.3153143
5.257951
4.7005534
6.6450725
2.775698
5.838092
5.603001
6.6840568
5.4635353
4.487708
7.876981
7.890708
6.173121
4.990407
3.5647483
7.583056
3.8872244
4.4851055
4.7144666
4.8468337
6.322337
6.5276155
6.487428
6.3207655
4.894825
4.297954
6.950712
6.698226
6.6719384
7.9965434
6.207897
4.733733
5.974487
3.2708397
4.5453134
6.9223466
5.6887712
4.8607373
4.115055
3.6834705
5.682699
5.2563505
6.606927
5.6754336
8.140847
4.0007524
4.446786
7.3476152
6.5311255
6.0046887
7.7710934
6.579663
6.3964877
3.2469823
3.9547005
5.447248
3.3450868
2.8736038
5.575341
6.8245792
4.1292815
4.121398
5.4287457
5.8402143
6.992319
6.3449955
7.2598267
7.810237
5.9605894
4.7604885
6.7049155
3.1530566
6.2630906
4.48569
5.4440084
5.2277503
3.1102092
3.413393
3.1989882
3.0472267
8.241872
5.6236644
10.810563
5.739051
6.0134196
3.9803934
8.756413
4.53163
7.065659
4.750415
3.3148074
5.6812778
6.5131645
3.8225071
4.9107003
5.4030924
4.859429
4.544094
6.200961
8.153915
4.0710955
4.5604615
4.2820735
5.2023864
5.270661
9.077703
4.747526
6.199558
4.3029504
4.6243134
5.5398426
4.7226996
7.356338
6.213554
6.0093994
2.9446504
3.5386658
6.0978208
6.590026
3.982693
4.7798576
5.428373
2.2023842
6.1870365
4.1264653
5.455332
4.555411
5.9236813
5.8886747
5.8824716
5.2828727
3.8552623
5.5888066
3.2269218
7.150127
6.6707416
5.8942175
6.3556857
8.209153
5.5938287
4.0183554
7.0113277
3.8879833
6.353078
4.0302944
4.729903
5.2659416
4.39763
4.765712
3.3256872
5.2160954
5.758075
3.122245
4.8456035
8.214849
6.471204
3.8478277
4.4009576
2.6578293
5.8498583
5.0473795
3.76696
3.4727473
3.507007
5.152104
6.8147445
2.3845284
5.611738
2.8963091
7.328885
5.020357
5.5859094
4.5858965
6.243165
10.27718
5.2165437
4.9833355
6.5075865
8.078873
5.9986215
5.20517
5.7159095
6.3670173
4.5899963
3.1074035
10.787141
8.389649
3.9955883
4.0581236
4.6697125
5.03785
3.613548
2.653315
9.577475
5.492485
4.2098327
3.9960892
6.8138103
5.0277457
4.287528
4.899693
6.9144115
4.475325
4.2196555
6.0632553
4.8029056
5.651964
3.9239848
6.6733747
5.5247755
5.1595836
3.5497544
5.34064
5.3912325
10.019942
4.013061
3.2720678
7.7224445
8.404053
4.8730254
2.8756077
5.879207
8.474003
5.2630024
4.4600363
7.1305923
6.461364
5.0668254
4.549803
7.8323154
5.276544
5.4802446
3.7187614
5.0913157
3.5242558
3.615309
4.780399
5.1602697
3.6611242
3.427187
4.128689
8.8906355
6.3015904
3.9437256
7.4357166
3.505257
8.802123
5.0730352
2.996223
9.616792
7.106483
1.3645103
4.5950637
7.345925
7.1504617
3.4922729
4.0245924
8.477222
3.9972644
3.2753742
3.8236167
9.884701
6.572124
4.9351053
7.0220523
8.447536
4.519343
3.7453485
4.8373213
6.5351167
6.3714867
3.4705682
3.8123355
7.9475636
9.148604
3.2542264
6.6136637
8.953283
5.283494
5.988508
8.077132
7.9482045
10.65701
2.1446195
5.3489957
6.0157456
6.4618387
1.7090875
6.525023
7.6883025
4.950438
2.826596
6.501539
11.180883
3.917116
0.87897736
6.309322
8.253538
3.7348585
3.3418462
4.205155
10.719273
5.853046
3.992722
4.65853
6.2833843
7.885417
1.9661863
4.446287
6.090046
11.326614
5.018025
4.836927
6.7311196
5.2812757
3.2845674
4.077282
8.158602
9.173399
2.8580735
2.8375218
8.478363
4.5312085
4.083144
4.8013787
9.851754
6.54443
3.5532343
3.9787674
7.7209272
4.6896834
3.7642684
3.908655
8.148249
3.8217132
3.0627232
4.562589
9.67225
9.625569
0.9118317
3.7224128
9.997575
7.1451035
4.0911474
3.4656487
8.876641
11.181303
3.8027837
4.262647
9.138339
12.115967
2.6702507
3.6259391
8.156168
9.154128
3.32106
6.3054056
7.793641
4.63246
2.4231904
5.0258207
10.118548
7.430546
3.673599
3.4879944
7.149535
9.618068
3.499296
8.40955
7.781185
4.5835476
2.475121
5.268813
9.031482
4.0511246
3.5307527
4.1239057
11.066854
5.7259398
1.6179368
3.4752455
8.961936
6.136341
0.31100377
6.2291884
7.463501
5.938044
2.782728
5.171337
11.073397
7.148983
0.473723
5.2697096
8.483347
7.0978446
3.0632935
4.4164963
3.4016712
10.11656
0.74618226
3.390631
7.5805454
4.3136153
3.5263736
5.158045
12.374722
5.8063874
2.494647
7.62039
10.006002
7.2972565
3.2117782
3.694253
7.9164944
10.0639305
2.0008633
2.8641
8.203516
6.3627996
1.3190367
6.1073346
6.0570407
6.7581334
3.6272354
4.5130687
5.7212515
9.498136
2.4074316
4.3311186
5.928568
6.8789425
2.9315207
6.373293
5.7476845
8.135136
3.602322
5.0257897
9.232971
5.6897287
5.4699755
5.1044903
7.3076434
8.513969
2.5027428
3.0190434
7.453293
7.007331
3.3165088
5.2098045
9.35727
8.886165
2.0006342
5.6198673
7.547672
6.5751967
2.6852405
5.5915112
11.836583
6.0338864
3.6147048
6.9940214
10.581156
4.625408
2.7705986
4.900305
12.127684
5.538261
1.2302746
3.0052412
10.393002
5.6675334
2.2162087
5.475127
6.4970455
4.895811
4.4394
4.810939
9.075338
5.364141
1.2015274
4.87303
9.3556
5.9026227
3.5711534
4.2685947
10.629204
6.00765
1.677279
5.5903606
9.95075
5.5582843
2.3350825
5.2997236
8.604193
6.4915376
1.3382765
6.0943475
11.09534
9.516196
2.5887625
6.212697
9.527051
6.0380654
2.8833795
7.9368725
7.919906
5.6937733
3.2036614
5.999419
11.656306
5.1701827
1.7334938
3.8843772
12.197537
7.330582
2.4032512
5.214315
11.395356
9.416698
2.7798512
5.861531
12.795849
8.419503
3.3903546
3.4274032
16.185633
8.289902
0.18269777
5.997114
8.923029
8.121901
2.4823225
4.876268
9.446197
8.853415
2.7961266
4.810016
10.20181
8.765141
1.3095943
5.2592835
12.521109
5.3231425
0.5049726
3.1005194
10.213784
5.17526
0.50702333
4.4325976
8.832079
8.318917
1.9346242
6.5210805
11.679342
4.384747
0.14672709
4.9685936
11.608619
9.366434
1.7317635
3.5654256
12.912641
5.588436
1.4428699
5.5146494
10.120482
5.7794943
1.9579427
3.5221102
7.131356
7.5354285
3.878494
6.201697
11.743721
7.773165
2.4735157
3.8860967
9.105867
8.665295
1.6014612
4.567763
9.539797
6.0478945
1.0740757
1.9950074
10.017857
4.9925094
0.1330657
4.542412
10.88507
4.9458017
1.8701243
3.6873114
13.168925
6.038035
1.6936007
2.955379
11.542199
5.071141
0.6917159
2.6125576
9.026581
6.688529
0.27755284
1.4143485
10.022125
6.9453855
3.232091
4.259917
11.926067
7.006262
1.4953249
4.6612225
12.520909
6.5062447
1.1290715
4.0083437
12.51833
6.148355
1.3089398
9.412472
10.991354
6.6997623
0.7044077
4.2556877
12.732379
5.944838
-0.34180373
4.5761824
15.116159
5.3285875
0.34186542
1.847546
12.306533
4.1097946
0.53746295
4.471412
12.782733
5.0408654
0.6961716
3.9517384
13.759053
6.113319
0.6999839
4.0258102
15.109734
5.5521913
-0.2599422
4.542552
16.093845
5.3169813
1.8324572
3.5074537
9.958441
3.8148072
0.3521815
5.628635
12.179336
6.319861
-0.010240197
4.381773
13.356456
5.7522516
0.5175444
4.4514103
13.274568
6.978785
2.7115006
3.0024018
9.397035
5.580941
0.78771716
2.2525017
13.208357
4.882543
1.2146647
6.6304874
12.764585
4.1783214
-0.13661297
3.3200784
14.997222
4.633429
0.05364889
3.4670339
11.127502
4.2736664
-0.035382964
5.57841
12.469205
5.200247
-0.67258114
4.001322
14.034229
5.132769
0.783347
5.8509536
7.7560415
5.3281965
0.7271608
5.387097
11.528022
6.0092907
-0.4922802
5.330118
9.482483
5.5926495
0.4857239
4.3084555
11.289996
4.9226813
-0.8319614
2.5535817
12.855036
5.3451133
0.43965134
2.5963523
11.522156
5.517045
-0.11680436
5.974243
6.17623
4.5433154
-0.7909696
9.102185
11.615523
5.0318213
0.4925319
3.2014277
9.642862
4.1219363
0.28891745
7.30401
12.208617
5.351601
0.55350494
5.3554983
9.441475
3.6565368
0.71263564
4.460144
9.453883
4.7715354
0.36991346
5.675492
11.3379135
4.973289
1.6349379
4.5320263
10.207656
4.2060246
3.0093105
3.576544
12.165845
5.022186
1.6356993
6.230311
10.34363
4.206806
0.56745404
4.4489045
15.557001
4.8534765
-0.57064015
8.467807
7.5599685
5.168147
-0.19729146
3.5380318
9.6195135
5.4155636
0.30683923
3.7987707
10.661457
3.1425316
-0.64934397
5.4844265
12.360247
3.6050935
1.5417376
3.4251566
8.653612
3.513222
1.2240386
3.434995
10.84504
3.412154
0.042212963
2.9790936
14.987671
2.9567368
0.110007524
4.569186
15.2581005
5.433659
-0.03550768
3.5225902
13.405903
3.9218364
-0.9202867
5.5713844
12.585908
3.7990787
0.42424744
6.8768663
11.2080145
4.019928
-0.4677447
9.51922
10.436749
3.8444633
-0.4612506
3.5926466
13.427438
3.920322
-0.299883
4.541849
12.7192
5.0334473
-0.8676527
6.111407
11.809814
3.8228862
-0.75423926
3.8538945
7.6560807
4.0633926
-0.21208714
6.1589074
10.449336
3.8437026
-0.13602132
4.812793
12.546366
4.64088
-0.98560727
4.346563
9.627873
4.5216236
1.5097746
10.580061
9.54516
3.3623312
